canopy.asc
ncols         1040
nrows         514
xllcorner     497943.03125
yllcorner     5178296
cellsize      30
NODATA_value  -9999
[rows 180 to 215 of 514, columns 400 to 479 of 1040]
87.5 84.61539 91.66666 100 66.66666 45.45454 50 84.61539 87.5 44.44444 66.66666 0 16.66667 10 46.15385 33.33333 50 20 0 12.5 27.27273 0 10 0 8.333333 20 0 0 22.22222 44.44444 62.5 100 100 62.5 50 66.66666 92.30769 66.66666 100 100 90 100 62.5 87.5 28.57143 40 55.55556 62.5 44.44444 25 11.11111 54.54546 25 0 60 87.5 100 100 50 70 10 27.27273 72.72727 0 40 20 28.57143 0 80 18.18182 60 0 61.53846 80 81.81818 90.90909 87.5 20 50 9.090909
100 100 83.33334 45.45454 66.66666 91.66666 30 45.45454 83.33334 72.22222 77.77778 0 27.27273 40 18.18182 28.57143 0 63.63636 81.81818 30 0 0 0 0 18.18182 0 0 45.45454 0 0 37.5 66.66666 92.30769 81.81818 55.55556 100 22.22222 77.77778 36.36364 20 60 75 100 0 50 33.33333 50 83.33334 70 77.77778 0 0 36.36364 25 12.5 75 54.54546 81.81818 40 0 25 70 12.5 0 0 40 77.77778 70 33.33333 44.44444 10 66.66666 30 70 84.61539 64.28571 14.28571 0 18.18182 40
70 25 0 0 60 53.84615 91.66666 28.57143 81.25 80 86.66666 0 10 14.28571 0 25 10 80 12.5 45.45454 50 0 10 0 0 10 10 0 0 12.5 50 81.81818 58.33333 40 54.54546 70 100 100 100 76.92308 82.35294 42.85714 100 80 0 40 10 12.5 44.44444 70 61.53846 11.11111 0 40 75 62.5 72.72727 76.92308 20 44.44444 50 36.36364 45.45454 20 60 20 71.42857 27.27273 66.66666 57.14286 11.11111 0 0 50 90 83.33334 12.5 0 0 0
100 100 100 18.18182 50 91.11111 62.16216 97.91666 100 95.83334 83.33334 73.07692 0 58.62069 35.71429 5.405406 16.32653 0 27.27273 12.5 50 46.15385 9.090909 11.11111 11.11111 20 20 0 22.22222 0 0 92.85714 68.42105 100 87.09677 96.66666 100 100 89.65517 34.61538 74.28571 87.87878 71.875 74.07407 87.87878 33.82353 45 0 54.54546 46.15385 58.33333 88.88889 50 50 54.54546 75 66.66666 10 25 0 11.11111 11.11111 53.84615 50 76.92308 70 22.22222 10 72.72727 70 44.44444 25 22.22222 12.5 100 100 36.36364 0 0 11.11111
83.33334 85.71429 100 92.85714 80 95.2381 84 86.20689 83.33334 88 94.73684 60.86956 21.42857 22.22222 41.37931 13.04348 24 14.28571 37.5 0 34.48276 4.347826 3.030303 40.625 88.73239 66.66666 43.24324 2.439024 57.62712 20 26.31579 65.51724 96.875 76.19048 78.26087 81.08108 92.59259 94.11765 100 89.28571 76.92308 36.84211 94.73684 95.2381 73.68421 72 100 59.09091 45.83333 45 47.82609 25 35.71429 66.66666 59.25926 42.42424 77.14286 32.5 33.33333 86.48649 74.19355 0 2.631579 86.20689 41.17647 16.66667 71.42857 24 11.11111 80 62.5 57.14286 12.5 30 57.44681 18.18182 0 0 11.11111 58.33333
100 100 82.6087 100 82.35294 89.47369 100 95.45454 75 88.46154 91.30434 80 45 0 0 10.52632 14.28571 40 11.11111 0 31.81818 46.875 41.66667 14.28571 73.33334 0 9.523809 77.27273 0 58.62069 68.18182 61.29032 40.90909 63.63636 95.2381 100 84 100 73.07692 96 95 95.65218 95 90.47619 68.42105 100 54.54546 78.26087 91.30434 88.88889 25 20 55.55556 40 38.09524 28.57143 50 0 0 5 75 90.625 21.05263 79.31035 58.33333 60.86956 4.545455 86.48649 68 69.23077 72.09303 61.53846 63.63636 90.90909 72 4 54.28571 40 0 8
94.5946 100 91.66666 90.90909 91.30434 83.33334 77.27273 85.71429 88.88889 93.75 86.95652 73.33334 82.75862 20 26.31579 16.66667 11.11111 5.555555 21.05263 22.22222 50 55.55556 26.31579 11.11111 60 4.761905 76.92308 76.92308 55 38.88889 23.52941 72.22222 75 0 63.63636 61.53846 42.10526 75 60 55 52.17391 89.47369 88.23529 69.23077 100 91.66666 82.35294 66.66666 63.63636 74.07407 0 60 0 5.263158 0 5.555555 6.25 0 25 28.57143 10 86.66666 60 9.523809 47.61905 42.10526 71.42857 60 46.15385 25 70 65.21739 65.21739 96.42857 84.375 63.15789 0 18.75 0 0
43.47826 60.86956 66.66666 50 27.77778 59.09091 90 17.64706 36.84211 66.66666 70.58823 100 83.33334 70.58823 12.5 55.55556 25 52.63158 0 30 65 57.89474 42.85714 74.07407 25 50 31.57895 33.33333 78.94736 56.52174 80.95238 85.71429 7.142857 83.33334 11.11111 72.72727 17.64706 0 68.75 29.41176 40 79.16666 5.555555 66.66666 78.26087 85 80 95.83334 81.81818 62.5 0 66.66666 21.05263 5.555555 35 6.666667 12.5 0 0 0 5.263158 66.66666 100 10.52632 66.66666 45.45454 68.42105 78.57143 27.77778 77.77778 47.36842 83.33334 75 73.68421 94.44444 12.5 5.882353 47.05882 45 0
73.91304 36.84211 46.66667 68.42105 89.28571 92.85714 81.81818 71.42857 68 78.57143 72 25 85.71429 93.33334 50 0 18.75 37.5 58.82353 11.11111 13.33333 75 10 42.10526 50 15.78947 69.23077 41.17647 6.25 35 60 69.56522 85.71429 70 46.66667 70.27027 96.15385 80 52 0 77.41936 69.23077 85 76.19048 45 94.11765 89.47369 90.90909 94.44444 20 72.72727 90.47619 66.66666 7.142857 0 8.333333 0 0 47.05882 72.22222 42.10526 85.71429 100 88.88889 33.33333 22.22222 65 0 33.33333 68.42105 75 84 94.73684 85 22.22222 0 39.28571 59.09091 11.76471 60.86956
57.89474 63.15789 12.5 95.65218 65.38461 85.71429 80.76923 100 86.20689 93.93939 86.95652 65.71429 74.19355 51.6129 4.347826 70 52.38095 13.04348 39.13044 9.090909 84.84849 83.87096 52.94118 82.14286 54.54546 59.375 10 54.83871 72.4138 39.13044 61.29032 83.33334 57.14286 92.59259 9.523809 82.14286 47.36842 37.5 20.83333 0 0 66.66666 47.05882 71.42857 65.625 96.66666 73.07692 81.81818 84 87.87878 87.5 87.5 68.18182 0 0 55 16.66667 47.05882 93.75 6.25 17.64706 72.72727 100 75.86207 16.66667 60.86956 56.25 0 85 75 73.68421 81.81818 76.47059 27.27273 18.75 13.33333 6.25 13.63636 66.66666 72.72727
60 78.94736 93.75 63.63636 100 33.33333 76.47059 86.66666 100 88.88889 100 84.61539 33.33333 20 58.33333 60 93.33334 78.57143 84.61539 100 100 30.76923 53.33333 16.66667 66.66666 72.22222 75 70.58823 40 81.25 78.57143 41.66667 0 46.66667 0 36.36364 26.66667 18.18182 0 25 50 10 41.66667 40 88.88889 93.33334 45.45454 87.5 86.66666 100 92.30769 87.5 57.14286 25 30 45.45454 0 0 10 0 0 60 85.71429 33.33333 93.33334 0 50 57.89474 92.30769 100 68.75 100 92.85714 22.22222 50 0 21.42857 14.28571 77.77778 91.66666
54.54546 92.30769 93.33334 93.33334 90 72.72727 90.90909 100 92.30769 83.33334 92.30769 81.81818 69.23077 27.27273 75 53.84615 75 66.66666 70 100 100 53.33333 46.15385 90.90909 44.44444 73.33334 46.15385 45.45454 90 88.23529 90 16.66667 26.66667 7.692307 33.33333 30.76923 68.18182 21.42857 85.71429 66.66666 100 0 63.15789 68.42105 86.66666 8.333333 52.94118 75 76.47059 0 84.61539 76.92308 71.42857 70 80 44.44444 0 11.11111 33.33333 40 71.42857 92.85714 100 82.35294 30 20 30 16.66667 0 75 77.77778 36.36364 91.66666 20 0 16.66667 14.28571 84.21053 92.30769 86.66666
90.90909 58.33333 83.33334 9.090909 100 83.33334 100 92.30769 87.5 64.28571 57.14286 0 60 93.75 100 100 75 100 84.61539 36.36364 90 60 91.66666 61.11111 37.5 66.66666 18.18182 58.33333 80 81.81818 33.33333 100 52.94118 64.28571 70.58823 77.77778 23.07692 58.33333 23.07692 0 88.88889 75 36.36364 57.14286 71.42857 64.70588 73.33334 86.66666 66.66666 36.36364 77.77778 70.58823 0 44.44444 70 18.18182 54.54546 50 27.27273 100 100 75 100 53.84615 62.5 33.33333 85.71429 100 100 100 72.72727 88.23529 100 30.76923 15.38461 56.25 0 83.33334 84.61539 69.23077
91.66666 41.66667 10 50 60 86.66666 40 10 90 70 88.88889 62.5 0 100 77.77778 93.33334 100 90.90909 100 83.33334 100 90 8.333333 61.53846 57.14286 100 88.88889 63.15789 30.76923 36.36364 80 100 83.33334 84.61539 100 63.63636 69.23077 66.66666 93.33334 23.07692 0 0 41.66667 55.55556 0 0 33.33333 70 90 22.22222 0 22.22222 75 90 71.42857 92.85714 92.85714 61.53846 77.77778 93.33334 92.85714 91.66666 80 100 93.33334 90.90909 50 75 63.15789 100 90.90909 100 86.66666 0 9.090909 26.66667 37.5 72.22222 78.57143 70
25 72.72727 92.30769 78.57143 91.66666 66.66666 72.72727 58.33333 30 50 0 53.84615 100 20 71.42857 100 50 100 54.54546 91.66666 72.72727 100 81.81818 11.11111 10 71.42857 10 22.22222 43.75 78.57143 33.33333 27.27273 63.63636 100 81.81818 45.45454 45.45454 63.15789 9.090909 66.66666 18.18182 58.33333 72.72727 76.92308 61.53846 83.33334 35.71429 58.33333 100 9.090909 71.42857 100 75 85.71429 92.85714 100 75 81.81818 80 76.92308 100 83.33334 66.66666 60 62.5 91.66666 70 76.47059 100 72.72727 63.63636 100 81.81818 42.85714 8.333333 0 0 71.42857 91.66666 38.46154
15.38461 53.33333 53.84615 83.33334 77.77778 40 80 63.63636 25 45.45454 75 60 0 18.18182 18.18182 50 9.090909 0 0 41.66667 61.53846 40 84.61539 100 62.5 0 60 27.27273 33.33333 53.84615 66.66666 61.53846 84.61539 88.88889 50 46.15385 69.23077 61.11111 0 63.63636 90 92.30769 83.33334 90.90909 18.18182 0 81.81818 44.44444 87.5 0 100 75 69.23077 91.66666 83.33334 90 100 82.35294 92.30769 100 91.66666 77.77778 20 40 0 60 78.57143 100 90.90909 83.33334 80 87.5 100 63.63636 0 0 22.22222 0 91.66666 55.55556
81.81818 46.66667 75 44.44444 33.33333 0 50 46.15385 18.18182 57.14286 90 25 27.27273 33.33333 0 57.14286 10 9.090909 0 0 0 61.53846 40 100 91.66666 30 57.14286 100 91.66666 73.33334 61.53846 81.81818 91.66666 84.61539 50 25 81.81818 87.5 81.81818 35.71429 64.28571 53.84615 66.66666 84.61539 100 58.33333 14.28571 12.5 50 0 100 100 100 93.33334 57.14286 100 90 58.33333 55.55556 70 25 50 37.5 25 75 40 76.92308 75 69.23077 63.63636 30 100 30 84.61539 91.66666 10 75 45.45454 50 58.33333
85.71429 54.54546 100 10 40 61.53846 37.5 53.84615 44.44444 22.22222 0 30 85.71429 10 0 11.11111 10 0 50 40 0 100 66.66666 88.88889 78.57143 93.33334 33.33333 87.5 66.66666 25 53.84615 83.33334 66.66666 81.25 88.23529 80 63.63636 20 9.090909 76.92308 33.33333 63.63636 27.27273 70 0 0 50 0 42.85714 75 90 62.5 100 88.88889 100 70 75 77.77778 12.5 66.66666 75 50 50 66.66666 33.33333 12.5 0 22.22222 100 90.90909 90 0 92.85714 80 100 93.33334 75 72.72727 76.92308 73.33334
92.85714 100 28.57143 25 70.58823 30 72.22222 53.84615 94.11765 0 18.18182 11.11111 0 0 42.85714 28.57143 11.11111 40 78.57143 100 86.66666 77.77778 100 84.61539 66.66666 81.25 92.30769 100 77.77778 45.45454 80 76.47059 86.66666 70.58823 61.53846 76.92308 87.5 53.84615 16.66667 85.71429 55.55556 22.22222 0 72.72727 66.66666 14.28571 60 58.33333 0 100 66.66666 91.66666 100 100 58.33333 77.77778 50 30 50 63.63636 64.28571 70 75 0 44.44444 42.85714 85.71429 87.5 75 76.92308 91.66666 54.54546 40 100 30.76923 90.90909 93.33334 63.63636 18.18182 71.42857
100 75 33.33333 0 0 47.05882 0 10 90.90909 50 33.33333 62.5 11.11111 41.17647 21.42857 0 33.33333 0 62.5 0 100 83.33334 100 54.54546 100 100 100 100 80 90 100 45.45454 18.18182 12.5 60 78.57143 33.33333 0 0 44.44444 100 50 50 60 75 45.45454 44.44444 0 33.33333 72.72727 88.88889 100 90.90909 50 76.92308 87.5 0 20 0 46.15385 36.36364 75 14.28571 40 87.5 100 100 100 90.90909 90.90909 88.88889 63.63636 100 37.5 94.11765 87.5 88.88889 81.25 85.71429 87.5
90 22.22222 0 0 27.27273 10 81.81818 38.46154 0 9.090909 100 20 0 25 66.66666 9.090909 73.68421 11.11111 33.33333 45.45454 9.090909 50 12.5 100 71.42857 46.15385 100 42.85714 100 100 58.82353 100 91.66666 91.66666 100 85.71429 30 100 100 90.90909 100 90 100 84.61539 100 100 100 90 50 70 90 100 50 100 20 20 100 0 80 83.33334 75 100 90 100 91.66666 76.92308 100 90 84.61539 75 44.44444 100 66.66666 83.33334 92.30769 87.5 20 78.57143 71.42857 84.61539
100 40 100 54.54546 16.66667 100 27.27273 27.27273 100 28.57143 66.66666 75 0 10 0 27.27273 0 23.07692 75 0 33.33333 16.66667 66.66666 27.27273 0 84.61539 70 62.5 88.23529 100 80 100 100 100 9.090909 100 100 45.45454 0 55.55556 100 90 90 100 100 100 83.33334 100 81.81818 90.90909 44.44444 100 37.5 66.66666 78.57143 72.72727 100 0 100 90 91.66666 75 90.90909 100 100 73.33334 83.33334 80 55.55556 83.33334 90 72.72727 72.72727 75 70 73.33334 76.47059 84.61539 64.28571 84.61539
36.36364 8.333333 46.66667 0 0 0 0 38.46154 72.72727 46.15385 25 27.27273 78.57143 0 22.22222 0 10 54.54546 0 10 10 9.090909 57.14286 0 66.66666 85.71429 22.22222 100 60 36.36364 90 66.66666 80 100 91.66666 93.33334 76.92308 100 100 93.33334 100 93.33334 91.66666 100 100 100 77.77778 71.42857 71.42857 90.90909 90 11.11111 100 54.54546 100 50 87.5 27.27273 81.81818 66.66666 50 62.5 85.71429 91.66666 90.90909 88.88889 57.14286 36.36364 70 72.72727 100 100 81.81818 60 90.90909 92.30769 91.66666 88.88889 0 50
30.76923 18.18182 10 30 18.18182 0 27.27273 8.333333 33.33333 18.18182 11.11111 45.45454 91.66666 0 0 9.090909 10 18.18182 25 0 30.76923 100 11.11111 50 66.66666 88.23529 63.63636 100 66.66666 57.14286 71.42857 88.88889 100 100 100 100 82.35294 94.11765 100 72.22222 100 93.33334 94.73684 45.45454 100 50 36.36364 30 100 0 100 36.36364 62.5 83.33334 100 61.53846 72.72727 75 100 92.85714 58.33333 60 78.57143 69.23077 66.66666 0 63.63636 100 83.33334 90 63.63636 100 100 100 92.30769 22.22222 100 66.66666 9.090909 0
18.18182 18.18182 8.333333 0 63.63636 25 8.333333 10 0 0 0 0 66.66666 66.66666 93.75 54.54546 50 38.46154 0 0 20 9.090909 18.18182 54.54546 20 45.45454 30 80 82.35294 0 66.66666 81.25 85.71429 36.36364 85 87.5 84.61539 100 100 100 88.88889 92.85714 93.33334 83.33334 100 46.15385 20 46.15385 90 100 90 50 87.5 66.66666 78.57143 83.33334 71.42857 100 81.81818 94.44444 90.90909 50 25 66.66666 0 83.33334 90.90909 91.66666 75 90 57.14286 64.28571 63.63636 75 0 11.11111 22.22222 20 0 83.33334
0 0 16.66667 0 29.41176 63.63636 92.85714 75 33.33333 100 84.61539 0 92.85714 44.44444 9.090909 10 58.33333 92.85714 33.33333 54.54546 30 100 63.63636 84.61539 66.66666 33.33333 54.54546 20 100 68.42105 69.23077 100 93.75 60 28.57143 61.53846 41.66667 73.33334 94.44444 92.85714 100 100 93.33334 100 92.30769 40 0 9.090909 81.81818 63.63636 100 100 90 57.14286 66.66666 50 12.5 62.5 18.18182 57.14286 91.66666 90 100 91.66666 37.5 75 92.85714 84.61539 81.81818 100 72.72727 85.71429 60 100 0 0 33.33333 16.66667 0 18.18182
81.48148 76.47059 47.61905 80 100 20 78.94736 40 40 84.21053 0 100 50 93.33334 75 76.92308 91.66666 91.66666 16.66667 100 100 87.5 72.72727 76.92308 87.5 61.53846 33.33333 60 83.33334 86.36364 70 95.45454 86.36364 41.17647 15.38461 38.88889 9.090909 87.5 92.85714 100 75 81.25 85.71429 86.66666 100 93.33334 41.17647 7.692307 60 73.33334 50 90.90909 93.75 62.5 0 66.66666 63.15789 92.30769 90.90909 86.36364 61.53846 100 91.66666 93.33334 10 69.23077 61.53846 100 50 92.85714 90 53.84615 30 93.33334 0 0 13.33333 26.66667 77.27273 35.29412
84 59.09091 63.63636 61.90476 53.84615 57.14286 93.54839 69.23077 50 84.375 50 70.83334 0 64 13.63636 56.66667 85.18519 27.27273 40 75.75758 71.42857 52.63158 80.95238 72.22222 33.33333 0 88 42.10526 95.83334 60 8.333333 0 100 70 47.05882 78.26087 50 73.91304 55 90 80 56.25 93.75 100 100 80.76923 72.22222 0 100 72.22222 46.15385 88.23529 72.22222 36.84211 69.56522 83.33334 84 83.33334 5.263158 89.47369 31.57895 100 96.66666 83.78378 24 64.51613 89.18919 80 54.16667 86.36364 91.66666 95.83334 72.72727 68.18182 0 0 0 5.555555 42.10526 31.57895
60 63.63636 54.54546 71.42857 100 73.33334 84.61539 66.66666 100 69.23077 80.95238 92.30769 72.72727 71.42857 64.28571 73.33334 69.23077 100 66.66666 0 10 0 36.36364 55.55556 84.61539 40 86.66666 62.5 100 87.5 60 0 100 100 60 0 44.44444 55.55556 20 60 87.5 0 80 81.81818 100 90.90909 75 22.22222 10 100 0 83.33334 87.5 100 100 85.71429 80 85.71429 90 46.15385 20 10 100 0 86.66666 100 83.33334 66.66666 90 54.54546 38.46154 72.72727 20 50 90 90 10 0 100 50
57.14286 100 85.71429 72.72727 37.5 87.5 22.22222 62.5 22.22222 80 100 66.66666 62.5 70 55.55556 75 62.5 12.5 0 0 0 42.85714 37.5 62.5 50 70 100 75 61.53846 42.85714 40 25 100 60 77.77778 0 40 0 87.5 100 71.42857 100 50 50 85.71429 100 84.61539 86.66666 75 42.85714 50 50 87.5 88.88889 100 66.66666 75 83.33334 77.77778 33.33333 0 75 77.77778 90 100 100 55.55556 90.90909 50 81.81818 75 75 77.77778 85.71429 87.5 88.88889 71.42857 88.88889 28.57143 58.33333
83.33334 80 87.5 100 77.77778 50 0 77.77778 72.72727 0 70 75 71.42857 14.28571 100 85.71429 50 50 12.5 46.15385 0 0 0 0 33.33333 87.5 75 42.85714 66.66666 33.33333 60 75 66.66666 75 100 33.33333 0 14.28571 71.42857 80 57.14286 100 33.33333 80 77.77778 80 20 0 0 0 100 88.88889 100 100 100 50 100 66.66666 62.5 0 16.66667 77.77778 83.33334 77.77778 100 90 75 100 77.77778 71.42857 50 87.5 88.88889 100 71.42857 37.5 28.57143 91.66666 100 16.66667
90 62.5 9.090909 10 88.23529 76.92308 66.66666 66.66666 16.66667 85.71429 69.23077 14.28571 55.55556 42.85714 42.85714 40 0 33.33333 0 14.28571 16.66667 0 0 0 8.333333 94.11765 100 72.72727 8.333333 30 33.33333 42.85714 62.5 75 100 75 50 66.66666 100 62.5 83.33334 66.66666 100 83.33334 100 75 50 0 0 50 50 57.14286 85.71429 100 100 100 100 100 16.66667 33.33333 42.85714 75 83.33334 90 70 100 66.66666 42.85714 50 100 100 14.28571 100 80 71.42857 100 50 83.33334 90 100
27.27273 53.33333 100 45.45454 100 93.33334 41.66667 63.63636 62.5 35.29412 90.90909 38.46154 58.33333 75 61.53846 7.142857 16.66667 0 40 9.090909 15.38461 81.81818 47.36842 40 83.33334 100 100 100 66.66666 58.33333 44.44444 44.44444 14.28571 66.66666 100 0 50 81.81818 66.66666 73.33334 69.23077 83.33334 50 41.66667 83.33334 91.66666 0 0 0 78.94736 50 75 84.61539 57.14286 91.66666 71.42857 92.85714 90.90909 63.63636 18.18182 25 66.66666 83.33334 92.85714 81.25 92.85714 70 91.66666 61.53846 75 92.30769 84.61539 92.30769 72.72727 66.66666 100 70.58823 92.85714 91.66666 82.35294
100 100 91.66666 100 60 16.66667 58.33333 62.5 73.33334 61.11111 80 31.25 43.75 50 8.333333 18.18182 16.66667 27.27273 50 15.38461 73.68421 91.66666 91.66666 94.44444 55.55556 100 93.75 100 83.33334 41.66667 70 54.54546 57.14286 93.75 100 36.36364 33.33333 37.5 53.33333 71.42857 100 100 90.90909 94.44444 93.33334 66.66666 50 0 36.36364 42.85714 16.66667 0 70 90.90909 91.66666 66.66666 91.66666 11.11111 18.18182 0 93.33334 84.61539 100 50 61.53846 68.75 95 42.85714 30.76923 60 91.66666 83.33334 90.90909 92.30769 54.54546 100 94.73684 84.61539 85.71429 100
83.33334 80 50 33.33333 93.33334 82.35294 53.33333 15.38461 53.84615 33.33333 91.66666 0 8.333333 0 30.76923 9.090909 16.66667 0 66.66666 50 100 81.25 100 92.30769 100 100 66.66666 85.71429 100 55.55556 0 66.66666 44.44444 70 8.333333 87.5 100 75 50 63.63636 84.61539 100 100 90.90909 22.22222 0 0 0 69.23077 0 0 0 27.27273 81.81818 100 80 11.11111 0 10 10 100 90.90909 52.94118 84.61539 91.66666 73.33334 72.72727 81.81818 81.25 80 45.45454 100 30 75 91.66666 100 100 58.33333 78.57143 92.30769
69.23077 80 36.36364 18.18182 81.81818 91.66666 50 76.92308 18.18182 16.66667 0 0 18.18182 0 40 70 23.07692 30 73.33334 100 90.90909 100 90.90909 91.66666 100 63.15789 86.66666 91.66666 100 61.53846 78.57143 83.33334 88.88889 0 100 70 100 77.77778 80 50 100 91.66666 90.90909 91.66666 100 87.5 28.57143 0 0 0 25 0 0 0 11.11111 10 25 9.090909 20 69.23077 90 92.30769 80 81.81818 70 31.25 50 38.46154 60 100 91.66666 100 80 84.61539 64.70588 66.66666 85.71429 86.66666 71.42857 36.36364
