canopy.asc
ncols         1040
nrows         514
xllcorner     497943.03125
yllcorner     5178296
cellsize      30
NODATA_value  -9999
[rows 108 to 143 of 514, columns 320 to 399 of 1040]
68.75 20 22.22222 40 52.38095 22.22222 64.70588 0 0 0 0 0 0 5.555555 0 0 0 0 0 0 0 0 0 0 28.57143 0 0 0 0 0 0 0 0 0 0 0 0 0 0 0 0 0 0 0 88.23529 29.41176 66.66666 86.66666 95.65218 0 0 0 0 0 0 0 0 0 0 0 0 0 0 0 0 0 0 0 6.25 0 0 0 0 0 0 0 0 0 0 0
38.09524 26.31579 5.555555 50 50 54.54546 26.31579 35.29412 0 0 0 0 0 0 0 0 0 0 0 0 0 0 0 0 0 0 0 0 0 0 0 0 0 0 0 0 0 0 0 0 0 0 0 0 5.555555 63.15789 38.88889 96 84.61539 62.5 0 0 0 0 0 0 0 0 0 0 0 0 0 0 0 0 0 0 0 0 0 0 0 0 0 0 0 0 0 0
64.70588 8.333333 45.83333 0 13.33333 30 57.89474 84 0 0 0 0 0 0 0 0 0 0 0 0 0 0 0 0 0 0 0 0 0 0 0 0 0 0 0 0 0 0 0 0 0 0 0 9.523809 65.38461 44.44444 72.72727 64 96.15385 85.71429 0 0 0 0 0 0 0 0 0 0 0 0 0 0 0 0 0 0 0 0 0 0 0 0 0 0 0 0 0 0
8.333333 8.333333 30.76923 0 47.05882 16.66667 0 70 0 0 0 0 0 0 0 0 0 0 0 0 0 0 0 18.18182 0 0 0 0 0 0 0 0 0 0 0 0 0 0 0 0 0 0 0 50 50 8.333333 78.57143 91.66666 100 77.77778 40 0 0 0 0 0 0 0 0 0 0 0 0 0 0 0 0 0 0 0 0 0 0 0 0 0 0 27.27273 84.61539 0
70.58823 46.15385 16.66667 78.57143 78.57143 100 75 72.72727 33.33333 100 100 27.27273 0 0 0 44.44444 50 81.81818 72.72727 100 66.66666 64.28571 45.45454 83.33334 85.71429 78.57143 100 72.72727 66.66666 30 72.22222 100 40 58.33333 40 92.30769 62.5 91.66666 91.66666 80 30 33.33333 37.5 66.66666 0 0 0 0 0 91.66666 80 60 70 62.5 20 62.5 25 90 92.30769 80 100 45.45454 8.333333 0 0 0 0 0 0 0 0 0 0 0 53.84615 83.33334 33.33333 0 41.66667 83.33334
75 75 27.27273 66.66666 63.63636 83.33334 83.33334 66.66666 58.33333 62.5 55.55556 58.33333 0 0 10 80 0 0 40 33.33333 72.72727 60 77.77778 25 66.66666 78.57143 71.42857 30 18.18182 36.36364 42.85714 10 54.54546 77.77778 92.85714 100 63.63636 76.92308 45.45454 25 41.66667 46.15385 54.54546 100 37.5 0 0 0 0 44.44444 88.88889 100 8.333333 40 33.33333 0 72.72727 50 22.22222 55.55556 0 80 91.66666 88.88889 100 0 0 0 0 0 0 0 40 70 20 88.88889 36.36364 84.61539 100 85.71429
27.27273 55.55556 20 66.66666 84.61539 88.88889 81.81818 64.28571 50 50 42.85714 36.36364 0 0 10 30 63.63636 50 10 77.77778 100 88.88889 90.90909 12.5 100 66.66666 42.85714 0 0 0 0 0 35.71429 90 85.71429 80 90.90909 69.23077 77.77778 10 40 0 53.84615 100 0 0 0 0 0 76.92308 100 87.5 90.90909 100 54.54546 30 55.55556 81.81818 83.33334 37.5 27.27273 90 58.33333 61.53846 77.77778 0 0 0 0 0 0 10 50 54.54546 80 66.66666 27.27273 70 92.30769 54.54546
46.15385 88.88889 81.81818 88.88889 92.30769 91.66666 100 60 90.90909 72.72727 10 22.22222 0 0 77.77778 0 38.46154 50 42.85714 60 91.66666 63.63636 66.66666 62.5 78.57143 100 72.72727 33.33333 30.76923 44.44444 20 100 100 100 69.23077 27.27273 63.63636 90.90909 100 10 36.36364 0 45.45454 80 0 0 0 0 0 66.66666 62.5 100 22.22222 90 100 22.22222 85.71429 50 0 100 92.30769 60 60 40 60 0 0 0 0 0 0 71.42857 85.71429 92.30769 90.90909 33.33333 64.28571 92.30769 33.33333 80
36.36364 92.30769 100 100 72.72727 83.33334 66.66666 90.90909 76.47059 88.88889 0 60 0 0 0 11.11111 60 33.33333 60 90.90909 60 42.85714 87.5 70 70 36.36364 20 10 12.5 20 10 73.33334 92.85714 40 91.66666 81.81818 60 90.90909 87.5 22.22222 44.44444 60 66.66666 91.66666 0 0 0 0 85.71429 100 81.81818 90 90.90909 88.88889 80 87.5 37.5 88.88889 81.81818 60 44.44444 91.66666 90 37.5 50 0 0 0 0 0 63.63636 100 90.90909 88.88889 90.90909 38.46154 92.85714 100 71.42857 63.63636
20 80 90 100 83.33334 72.72727 76.92308 90 42.85714 11.11111 88.88889 30 0 0 0 0 0 60 66.66666 25 81.81818 36.36364 81.81818 100 44.44444 77.77778 36.36364 66.66666 66.66666 80 63.63636 90 62.5 45.45454 50 77.77778 50 63.63636 70 54.54546 88.88889 10 71.42857 0 66.66666 0 0 0 60 100 100 100 88.88889 83.33334 70 60 12.5 50 44.44444 66.66666 0 40 72.72727 100 75 0 0 0 0 0 40 80 57.14286 62.5 66.66666 90.90909 100 73.33334 90.90909 78.57143
72.72727 76.92308 100 80 93.33334 54.54546 88.88889 69.23077 44.44444 66.66666 54.54546 44.44444 0 0 53.33333 11.11111 10 66.66666 62.5 80 66.66666 50 90.90909 77.77778 60 37.5 50 77.77778 37.5 60 100 75 75 63.63636 40 88.88889 72.72727 100 41.66667 57.14286 75 77.77778 75 0 0 0 0 0 50 80 70 100 85.71429 66.66666 88.88889 100 0 62.5 90 0 0 0 0 0 12.5 0 0 0 0 0 87.5 44.44444 11.11111 90.90909 61.53846 77.77778 100 91.66666 100 83.33334
66.66666 100 88.88889 45.45454 91.66666 22.22222 87.5 37.5 72.72727 33.33333 60 14.28571 0 0 0 76.92308 27.27273 10 71.42857 55.55556 12.5 80 55.55556 44.44444 92.30769 75 60 88.88889 27.27273 60 80 14.28571 0 0 30 75 20 87.5 72.72727 11.11111 77.77778 77.77778 100 12.5 0 0 25 100 80 37.5 33.33333 100 100 69.23077 100 22.22222 0 0 0 0 0 0 0 0 0 0 0 0 0 9.090909 83.33334 54.54546 40 92.30769 75 81.81818 91.66666 90 72.72727 58.33333
10 72.72727 40 60 44.44444 50 83.33334 80 45.45454 40 0 0 0 0 30 37.5 80 44.44444 50 14.28571 90 16.66667 45.45454 50 75 81.81818 0 22.22222 40 0 0 0 0 0 0 25 11.11111 50 72.72727 100 62.5 100 80 0 0 0 60 90 63.63636 100 100 100 76.92308 100 14.28571 0 0 0 0 0 0 0 0 0 0 0 0 0 0 100 100 40 66.66666 22.22222 50 53.84615 40 90.90909 80 50
0 18.18182 25 0 22.22222 0 0 0 0 0 0 20 0 0 33.33333 30 20 72.72727 30 90.90909 36.36364 90 70 50 33.33333 0 36.36364 25 0 0 0 0 0 30 0 0 0 0 12.5 62.5 100 50 100 22.22222 0 0 100 10 81.81818 80 66.66666 100 84.61539 100 88.88889 9.090909 50 0 0 0 0 0 0 0 0 0 0 0 0 90.90909 72.72727 90.90909 100 50 12.5 90 75 27.27273 58.33333 66.66666
0 20 0 0 0 0 20 0 11.11111 0 0 20 0 0 25 41.66667 36.36364 33.33333 100 10 37.5 50 72.72727 70 69.23077 30 54.54546 54.54546 0 0 0 0 0 0 0 0 0 11.11111 55.55556 40 44.44444 60 12.5 20 0 0 63.63636 46.15385 22.22222 57.14286 10 91.66666 78.57143 85.71429 90.90909 40 27.27273 0 0 0 0 0 0 0 0 0 0 0 0 0 0 0 81.81818 100 9.090909 83.33334 38.46154 66.66666 75 54.54546
40 20 0 0 10 0 0 0 0 0 0 0 0 0 11.11111 25 71.42857 64.28571 81.81818 100 63.63636 69.23077 100 69.23077 40 90 45.45454 36.36364 0 0 0 0 0 0 0 0 0 0 10 50 20 33.33333 33.33333 33.33333 0 0 73.33334 50 71.42857 20 50 90 81.81818 100 90 0 50 0 0 0 0 0 0 0 0 0 0 0 0 0 0 0 0 60 30 45.45454 73.33334 91.66666 50 77.77778
57.14286 0 0 0 0 0 0 0 0 0 0 22.22222 0 0 44.44444 44.44444 66.66666 44.44444 81.81818 27.27273 33.33333 73.33334 38.46154 0 63.63636 45.45454 44.44444 55.55556 0 0 0 0 0 0 0 0 0 0 0 50 0 37.5 87.5 60 0 0 71.42857 0 70 23.07692 33.33333 64.28571 70 75 100 25 70 0 0 0 0 0 0 0 0 0 0 0 0 0 0 0 0 0 8.333333 90 55.55556 78.57143 83.33334 0
20 0 0 0 0 0 0 0 0 0 0 10 0 0 40 87.5 92.30769 100 0 33.33333 100 50 100 40 92.30769 60 11.11111 22.22222 0 0 0 0 0 0 0 0 0 0 0 0 0 50 0 20 0 0 83.33334 54.54546 50 16.66667 64.70588 72.72727 100 100 87.5 88.88889 14.28571 60 0 0 12.5 0 8.333333 46.66667 0 10 0 0 0 0 9.090909 0 0 0 0 0 0 0 77.77778 100
0 0 0 0 0 0 0 11.11111 16.66667 0 0 0 0 0 10 33.33333 70 38.46154 40 0 0 90.90909 16.66667 25 20 90 100 53.33333 0 0 0 0 0 0 0 0 0 0 0 0 70 100 0 66.66666 0 69.23077 84.61539 75 66.66666 72.72727 80 72.72727 45.45454 60 25 9.090909 66.66666 66.66666 10 11.11111 8.333333 9.090909 36.36364 40 42.85714 61.53846 50 0 0 0 0 0 0 0 0 0 0 0 0 0
0 10 0 0 0 0 0 0 0 0 0 0 0 0 66.66666 76.92308 71.42857 82.35294 36.36364 0 0 0 9.090909 53.33333 63.63636 86.66666 83.33334 0 0 0 0 0 0 0 0 0 0 0 0 0 0 0 54.54546 0 0 0 16.66667 0 0 81.25 100 18.75 0 55.55556 0 36.84211 61.53846 0 0 35.71429 0 27.27273 46.66667 33.33333 0 55.55556 77.77778 0 0 0 0 0 0 0 0 0 0 0 0 0
0 31.57895 0 0 0 0 4.761905 0 0 17.64706 0 0 0 0 70.37037 20 70 38.88889 0 0 0 0 55 69.23077 63.63636 78.57143 18.18182 0 0 0 0 0 0 0 0 0 0 0 0 0 0 0 0 0 0 0 0 0 0 0 70.83334 4.545455 16.66667 62.96296 60.86956 85.18519 78.57143 35 100 57.14286 5.882353 4.761905 43.47826 48.14815 88 20 37.5 0 0 0 0 0 0 0 0 0 0 0 0 0
5.263158 0 0 0 0 0 9.090909 5.882353 0 0 0 78.57143 0 0 40 94.11765 84.61539 0 0 0 0 0 36.84211 38.88889 94.73684 70.83334 54.16667 0 0 0 0 0 0 0 0 0 0 0 0 5 11.76471 0 0 5.555555 0 18.18182 0 7.692307 11.11111 0 0 0 54.16667 0 11.11111 61.90476 100 27.77778 0 5 23.80952 36.84211 11.76471 44.44444 39.13044 44.82759 34.78261 59.25926 68.75 55.55556 0 0 0 90.90909 50 0 0 0 0 0
0 0 0 0 0 0 14.28571 0 0 0 14.28571 87.5 0 30.76923 21.42857 26.66667 58.33333 0 0 0 0 0 0 68.42105 64.70588 76.47059 25 30.76923 0 0 0 0 0 0 0 0 0 0 0 0 5.882353 0 0 0 16.66667 0 0 11.76471 20 0 0 30.76923 14.28571 13.33333 0 94.11765 75 62.5 30 37.5 100 0 7.692307 14.28571 0 65 73.33334 62.5 55.55556 0 64.70588 100 0 0 0 0 0 0 0 0
0 11.11111 16.66667 0 0 0 11.76471 16.66667 0 0 0 26.92308 76 66.66666 45.45454 33.33333 42.85714 72.72727 0 0 0 0 0 0 7.142857 11.11111 0 15.78947 25 0 0 0 0 0 0 0 13.33333 0 0 21.05263 0 0 0 0 0 0 0 18.75 0 9.523809 5.882353 10.52632 42.30769 0 26.31579 55 52.63158 100 50 10 70.37037 60 58.62069 35 15 70 35.29412 88.88889 55.55556 26.66667 30 33.33333 72.22222 73.91304 64.70588 0 0 0 0 0
16.66667 0 0 0 0 22.22222 0 0 0 0 0 0 33.33333 63.63636 81.81818 45.45454 28.57143 20 61.53846 0 0 0 0 0 0 45.45454 0 41.66667 0 0 0 50 12.5 20 0 25 20 0 0 10 8.333333 0 0 9.090909 0 0 11.11111 11.11111 0 0 0 35.71429 38.46154 33.33333 33.33333 90.90909 45.45454 23.07692 43.75 33.33333 61.53846 47.05882 30.76923 66.66666 10 90 46.15385 81.25 72.22222 55.55556 41.17647 93.33334 93.33334 100 100 72.72727 76.92308 0 0 0
0 0 0 0 0 0 0 0 0 0 38.46154 16.66667 27.27273 50 77.77778 46.15385 18.18182 18.18182 20 0 20 0 0 0 20 25 83.33334 12.5 8.333333 11.11111 63.63636 25 69.23077 90 50 0 10 11.11111 0 0 30 0 0 0 0 0 0 0 0 11.11111 0 0 47.05882 0 0 36.36364 61.53846 0 46.15385 44.44444 69.23077 61.53846 100 68.75 53.84615 100 91.66666 91.66666 76.92308 100 100 0 0 58.82353 91.66666 90 70 20 0 0
0 0 0 0 54.54546 0 12.5 0 0 0 8.333333 60 16.66667 77.77778 25 0 90 80 90 0 12.5 80 77.77778 0 0 40 27.27273 0 9.090909 33.33333 100 100 85.71429 100 25 100 28.57143 0 0 0 0 0 0 0 8.333333 0 0 9.090909 25 92.30769 45.45454 58.33333 0 33.33333 0 0 18.18182 87.5 35.71429 8.333333 0 0 50 0 0 100 100 93.33334 91.66666 66.66666 85.71429 100 100 84.61539 46.15385 80 91.66666 100 0 0
0 0 0 0 0 0 0 12.5 20 9.090909 45.45454 100 9.090909 33.33333 90 86.66666 71.42857 72.72727 85.71429 75 90.90909 83.33334 66.66666 20 33.33333 14.28571 0 0 88.88889 100 37.5 70 90 88.88889 100 100 0 22.22222 0 0 0 0 25 60 60 11.11111 20 90.90909 84.61539 50 22.22222 80 47.05882 53.84615 50 62.5 35.71429 55.55556 41.66667 18.18182 0 25 61.53846 33.33333 57.14286 76.47059 100 90.90909 77.77778 100 66.66666 100 84.61539 85.71429 86.66666 83.33334 58.82353 0 0 72.72727
33.33333 22.22222 0 0 0 0 0 0 11.11111 91.66666 0 55.55556 92.30769 62.5 80 71.42857 69.23077 77.77778 77.77778 36.36364 70 57.14286 66.66666 90.90909 66.66666 90 0 0 85.71429 60 100 90 37.5 75 90 83.33334 77.77778 45.45454 55.55556 0 0 0 0 0 100 55.55556 10 0 10 100 20 50 64.28571 10 0 92.85714 38.46154 93.33334 50 77.77778 11.11111 68.75 66.66666 50 54.54546 33.33333 92.30769 91.66666 92.30769 92.85714 90 55.55556 100 41.66667 76.92308 90.90909 10 91.66666 0 27.27273
63.63636 0 0 0 10 10 0 0 60 90.90909 0 81.81818 63.63636 88.88889 100 64.28571 70 100 100 80 88.88889 66.66666 100 100 54.54546 75 66.66666 90 20 57.14286 91.66666 76.92308 50 91.66666 55.55556 91.66666 100 77.77778 30 0 22.22222 22.22222 80 30 100 36.36364 90.90909 100 88.88889 10 45.45454 33.33333 25 54.54546 75 66.66666 50 45.45454 27.27273 0 30 9.090909 58.33333 60 25 100 100 100 83.33334 100 69.23077 53.84615 100 92.85714 61.53846 33.33333 100 90.90909 44.44444 0
22.22222 20 81.81818 63.63636 63.63636 41.66667 85.71429 66.66666 63.63636 100 63.63636 84.61539 100 87.5 77.77778 88.88889 77.77778 37.5 90 60 60 50 20 100 87.5 11.11111 30 70 80 100 91.66666 100 9.090909 83.33334 84.61539 100 92.30769 100 10 20 0 55.55556 90 44.44444 60 0 66.66666 77.77778 33.33333 64.28571 27.27273 12.5 12.5 30 40 44.44444 90 25 91.66666 46.15385 69.23077 46.15385 53.84615 18.18182 33.33333 66.66666 81.81818 71.42857 100 75 46.15385 100 100 84.61539 58.33333 63.63636 85.71429 84.61539 55.55556 0
0 0 0 0 0 0 25 11.11111 10 84.61539 40 0 0 0 0 0 0 0 0 0 0 0 0 0 100 33.33333 37.5 0 50 60 50 0 55.55556 0 0 0 50 22.22222 92.85714 57.14286 44.44444 44.44444 88.88889 88.88889 75 10 50 25 33.33333 0 22.22222 0 86.66666 83.33334 80 90 92.30769 100 100 100 100 100 100 91.66666 92.30769 91.66666 66.66666 75 100 81.25 62.5 83.33334 90 100 91.66666 72.72727 75 91.66666 45.45454 0
0 0 0 0 0 0 0 25 30 0 11.11111 0 0 0 0 0 0 0 0 0 0 0 0 0 0 71.42857 0 12.5 66.66666 10 18.18182 50 14.28571 33.33333 90.90909 0 37.5 40 100 11.11111 50 66.66666 88.88889 100 90.90909 0 0 80 40 75 38.46154 44.44444 25 100 90 100 80 100 50 100 100 100 69.23077 100 84.61539 92.30769 92.85714 88.88889 90.90909 100 83.33334 18.18182 36.36364 63.63636 90.90909 100 87.5 100 0 0
0 0 0 0 10 0 0 0 16.66667 0 0 0 0 0 0 0 0 0 0 0 0 0 0 0 0 0 0 0 81.81818 12.5 40 100 0 14.28571 80 10 11.11111 83.33334 88.88889 33.33333 84.61539 77.77778 40 100 80 70 81.81818 71.42857 0 50 87.5 15.38461 56.25 63.63636 100 100 46.15385 83.33334 50 0 54.54546 66.66666 20 100 100 90 90.90909 72.72727 42.85714 100 91.66666 77.77778 0 0 0 0 0 0 0 0
0 0 0 33.33333 0 0 10 30 0 0 0 0 0 0 0 0 0 0 0 0 0 0 0 0 0 0 57.14286 22.22222 50 55.55556 20 12.5 50 30 10 0 45.45454 10 83.33334 90.90909 85.71429 75 90 66.66666 90 11.11111 60 50 80 42.85714 0 44.44444 15.38461 75 100 91.66666 54.54546 88.88889 91.66666 75 10 100 100 0 100 78.57143 72.72727 0 80 100 100 70 0 0 0 0 0 0 0 0
0 0 0 0 0 55.55556 30 45.45454 70 0 0 0 0 0 0 0 0 0 0 0 0 0 0 0 0 0 10 88.88889 72.72727 0 18.18182 22.22222 40 46.15385 0 44.44444 9.090909 0 84.61539 100 100 78.57143 60 33.33333 63.63636 0 100 25 40 18.18182 81.81818 55.55556 72.72727 80 69.23077 83.33334 100 100 90.90909 41.66667 100 100 78.57143 63.63636 100 85.71429 30 0 0 93.33334 92.30769 22.22222 0 0 0 0 0 0 0 0
