canopy.asc
ncols         1040
nrows         514
xllcorner     497943.03125
yllcorner     5178296
cellsize      30
NODATA_value  -9999
[rows 144 to 179 of 514, columns 160 to 239 of 1040]
0 0 0 0 0 0 0 0 0 0 0 0 0 0 0 0 0 0 0 0 0 0 0 36.36364 66.66666 0 55.55556 0 61.53846 54.54546 90.90909 100 72.72727 100 66.66666 72.72727 78.57143 33.33333 33.33333 78.57143 20 11.11111 64.28571 77.77778 100 72.22222 10 33.33333 77.77778 100 80 0 0 0 0 0 0 0 0 44.44444 0 90.90909 0 53.33333 12.5 25 44.44444 12.5 40 71.42857 18.18182 0 87.5 75 100 60 0 11.11111 62.5 91.66666
0 0 0 0 0 0 0 0 0 0 0 0 0 0 0 0 0 0 0 0 0 0 0 0 33.33333 100 81.81818 10 0 58.33333 69.23077 76.92308 91.66666 91.66666 100 92.85714 61.53846 60 27.27273 63.63636 91.66666 40 50 69.23077 90 61.53846 64.28571 84.61539 41.66667 83.33334 83.33334 0 0 0 0 0 0 0 0 83.33334 0 0 0 37.5 63.63636 20 0 41.66667 33.33333 10 36.36364 88.88889 30 100 93.33334 64.28571 27.27273 58.33333 50 81.81818
0 0 0 0 0 0 0 0 0 0 0 0 0 0 0 0 0 0 0 0 0 0 0 0 22.22222 58.53659 21.73913 32.25806 25 88.37209 94.28571 76.19048 97.5 14.81481 53.84615 89.18919 40 77.27273 39.13044 63.33333 40.74074 66.66666 37.03704 65.51724 68.75 80.76923 90.625 91.66666 73.07692 68 82.6087 0 0 0 0 0 0 11.76471 0 4.347826 0 30 11.53846 66.66666 79.31035 52.38095 51.42857 29.16667 54.83871 62.16216 63.15789 55.17241 84.375 83.87096 70.58823 50 68 64.51613 20 64.28571
0 0 0 0 0 0 0 0 0 0 0 0 0 0 0 0 5 0 0 0 0 0 0 0 95 95.83334 63.15789 11.11111 42.30769 77.77778 100 100 89.65517 71.42857 70.83334 40.90909 100 95.83334 20 50 62.5 62.06897 75 74.19355 76.47059 64.70588 13.63636 60.86956 80.95238 83.33334 58.82353 0 96.42857 0 0 0 0 17.64706 4.545455 4.545455 36.36364 0 18.18182 68.96552 84.61539 76 33.33333 84.61539 54.54546 27.27273 86.95652 19.04762 75.86207 80 56 31.57895 62.96296 69.23077 65 12.5
0 0 0 0 0 0 0 0 0 0 0 0 0 0 0 0 0 0 0 0 0 0 0 0 0 72 23.80952 0 62.96296 95 95.2381 66.66666 90 83.33334 72.22222 100 100 50 77.77778 85 57.89474 21.05263 45.45454 64.28571 36.84211 35 70.83334 36.84211 45.45454 90 11.11111 0 37.5 0 0 0 0 0 45.45454 76.47059 50 66.66666 68 71.42857 76 72.72727 0 54.54546 10 5.882353 68 43.47826 22.22222 52.63158 31.57895 26.31579 11.11111 84.21053 20 53.33333
43.75 0 0 0 0 0 0 0 0 0 0 0 0 0 0 0 0 0 0 16.66667 0 0 0 0 0 0 25 73.91304 73.91304 82.6087 26.31579 45.45454 96 61.90476 52.63158 40 27.77778 78.26087 66.66666 100 73.68421 35.29412 37.5 91.66666 75 60 65.21739 63.63636 40.90909 66.66666 15 10 0 0 11.11111 53.33333 5.555555 30 25 66.66666 50 65.21739 36.84211 60 40 45.45454 5.555555 0 11.76471 0 5.882353 15 0 0 0 33.33333 54.16667 16.66667 12.5 83.33334
50 10.52632 0 0 0 0 0 0 0 0 0 0 0 0 0 0 0 0 68.42105 5.555555 0 0 0 0 0 0 0 0 0 85 73.07692 100 85 63.15789 78.94736 52.63158 16.66667 61.29032 86.36364 79.31035 22.22222 100 95.83334 75 73.91304 86.36364 5.882353 38.88889 70 17.64706 87.5 65 0 0 0 0 0 46.15385 75 23.80952 0 10.52632 11.76471 0 0 0 23.52941 15 0 0 15.78947 15 63.15789 54.16667 40 36 20 0 17.64706 41.17647
13.63636 73.91304 0 0 0 0 0 0 0 0 0 0 0 0 0 0 0 0 0 0 10 0 0 0 0 0 0 0 0 0 5.263158 0 47.36842 100 44.44444 70 11.11111 38.88889 100 87.5 33.33333 27.77778 0 13.33333 47.36842 100 88.23529 47.61905 86.66666 38.88889 58.82353 26.31579 95 0 88.23529 0 6.666667 94.11765 28.57143 23.52941 0 0 0 26.31579 56.52174 47.61905 40 33.33333 63.63636 40.90909 0 0 0 0 4.166667 70.58823 56.25 70 16.66667 4
0 20 0 0 0 0 0 0 0 0 0 0 0 0 0 0 0 0 0 0 0 78.94736 0 0 0 0 0 0 5 0 0 0 0 35 94.44444 92 47.61905 89.47369 94.11765 89.47369 77.77778 71.42857 90 100 78.94736 100 63.15789 0 0 21.05263 58.82353 68 86.36364 0 53.33333 0 0 0 0 0 31.25 52.38095 19.04762 5.555555 15.78947 65.21739 17.64706 88.23529 5.882353 25 47.05882 5 28.57143 47.05882 15 55.55556 59.09091 6.666667 35.29412 29.41176
60 26.66667 7.142857 0 0 0 0 0 0 0 0 0 0 0 0 0 0 0 0 0 0 77.77778 0 0 5.882353 0 0 0 0 0 0 0 0 0 0 0 0 0 0 0 0 0 0 0 0 0 0 0 0 0 0 100 0 0 50 12.5 0 16.66667 0 0 46.15385 0 14.28571 0 0 0 31.57895 14.28571 14.28571 58.82353 13.33333 12.5 38.88889 0 44.44444 40 7.692307 0 0 78.57143
30.76923 11.11111 11.11111 0 0 0 0 0 0 0 0 0 0 0 0 0 0 0 0 0 0 37.5 9.090909 0 44.44444 9.090909 0 0 0 0 0 0 0 0 0 0 0 0 0 0 0 54.54546 0 0 0 0 0 0 0 12.5 0 0 75 100 60 0 20 20 0 0 12.5 10 12.5 44.44444 0 0 0 20 25 20 12.5 10 10 50 46.15385 27.27273 54.54546 18.18182 40 0
81.81818 80 11.11111 0 0 0 0 0 0 0 0 0 0 0 0 0 0 0 0 0 0 0 55.55556 80 76.92308 0 0 0 0 0 0 0 0 0 0 12.5 0 0 0 0 0 0 0 0 0 0 0 0 0 0 0 12.5 87.5 50 22.22222 0 25 0 71.42857 0 37.5 11.11111 9.090909 27.27273 9.090909 53.33333 50 33.33333 58.33333 20 41.66667 0 12.5 0 22.22222 0 12.5 33.33333 0 0
100 0 11.11111 0 0 0 0 0 0 0 0 0 0 0 0 0 0 0 0 0 0 0 0 0 10 12.5 50 0 0 0 0 0 0 0 0 0 0 0 0 0 0 0 0 0 0 0 60 0 0 0 0 88.88889 77.77778 40 50 50 87.5 80 0 66.66666 66.66666 30 63.63636 61.53846 0 37.5 46.15385 25 25 58.33333 0 0 18.18182 66.66666 78.57143 30 0 81.81818 44.44444 9.090909
30 50 10 0 0 0 0 0 0 0 0 0 0 0 0 0 0 0 0 0 0 0 0 37.5 40 84.61539 72.72727 0 0 0 0 0 0 0 0 0 0 0 0 0 0 0 0 0 0 0 0 0 0 0 0 100 46.66667 100 62.5 87.5 44.44444 42.85714 50 62.5 33.33333 0 35.71429 75 60 33.33333 0 0 0 0 60 0 10 10 0 84.61539 12.5 50 20 30.76923
14.28571 0 55.55556 0 12.5 0 10 0 0 0 0 0 0 0 0 0 0 0 0 0 0 0 0 50 81.81818 10 91.66666 72.72727 0 0 0 0 0 0 0 0 0 0 0 0 0 0 0 0 33.33333 0 0 0 0 0 0 0 20 72.72727 50 87.5 12.5 0 60 10 100 81.81818 0 22.22222 84.61539 87.5 87.5 50 62.5 30.76923 12.5 0 0 41.66667 22.22222 9.090909 50 73.33334 50 33.33333
25 0 80 0 66.66666 0 75 0 0 0 0 0 0 0 0 0 0 0 0 10 0 0 0 0 72.72727 70 30.76923 50 76.92308 0 0 0 0 0 0 0 0 0 0 0 0 0 0 0 0 0 0 0 0 0 0 37.5 0 0 50 50 85.71429 0 12.5 37.5 40 0 72.72727 57.14286 63.63636 80 10 0 0 18.18182 61.53846 0 40 57.14286 11.11111 0 0 10 35.71429 66.66666
0 12.5 11.11111 55.55556 0 28.57143 0 0 0 0 0 0 0 0 0 0 0 0 0 0 0 0 0 25 0 37.5 91.66666 90 0 0 0 0 0 0 0 0 0 0 0 0 0 0 0 22.22222 0 0 0 0 0 0 0 0 14.28571 20 0 85.71429 92.85714 84.61539 100 14.28571 66.66666 0 0 100 60 100 71.42857 81.81818 11.11111 50 68.75 76.92308 33.33333 61.53846 60 44.44444 63.63636 58.33333 80 11.11111
12.5 0 0 0 0 0 0 0 0 0 0 0 0 0 0 0 0 0 0 0 0 0 0 0 25 0 0 0 0 0 0 0 0 0 0 0 0 0 0 0 0 0 0 0 0 0 0 0 0 0 0 57.14286 50 83.33334 50 66.66666 100 50 54.54546 0 50 100 100 91.66666 30 84.61539 83.33334 70 0 54.54546 87.5 84.61539 92.30769 57.14286 0 84.61539 69.23077 66.66666 66.66666 66.66666
0 0 0 0 0 0 77.77778 0 0 0 0 0 0 0 0 0 0 0 0 0 0 0 0 0 22.22222 0 0 0 0 0 0 0 0 0 0 0 0 0 0 0 0 0 0 0 0 0 0 0 0 25 55.55556 20 60 72.72727 70 87.5 100 55.55556 62.5 80 41.66667 100 83.33334 100 75 90.90909 0 90 20 70 37.5 12.5 53.33333 69.23077 75 50 63.63636 72.72727 75 70
0 0 0 0 0 0 0 0 0 0 0 0 0 0 0 0 0 0 0 0 0 0 0 0 55.55556 0 0 0 0 0 0 0 0 11.11111 0 0 0 0 0 0 0 0 0 0 0 0 25 0 0 37.5 9.090909 81.81818 90 16.66667 11.11111 22.22222 87.5 0 0 50 40 81.81818 70 44.44444 100 88.88889 100 0 100 80 100 0 77.77778 85.71429 91.66666 55.55556 100 64.28571 42.85714 0
0 0 0 0 0 0 0 0 0 0 0 0 0 0 0 0 0 0 0 0 0 0 0 0 0 0 0 0 0 0 0 0 0 12.5 0 0 0 0 0 0 0 0 0 0 0 0 0 0 100 33.33333 78.57143 77.77778 80 80 54.54546 72.72727 88.88889 0 0 75 72.72727 90.90909 84.61539 88.23529 78.57143 62.5 70 55.55556 75 66.66666 57.14286 81.81818 81.81818 57.14286 75 90.90909 100 63.63636 75 90.90909
0 0 0 0 0 0 12.5 0 0 0 0 0 0 0 0 0 0 0 0 0 0 0 0 0 0 0 0 0 0 0 0 0 0 0 0 0 0 0 0 0 0 0 0 0 0 0 0 0 80 91.66666 63.63636 100 84.61539 84.61539 82.35294 80 0 50 75 87.5 50 91.66666 40 76.92308 50 69.23077 60 91.66666 88.88889 80 84.61539 73.33334 68.75 54.54546 61.53846 58.82353 92.30769 66.66666 46.15385 61.53846
0 0 0 0 0 0 0 0 0 0 0 0 0 0 0 0 0 0 0 0 0 0 0 0 0 0 14.28571 0 0 0 0 0 53.84615 0 0 0 0 0 0 0 0 0 0 0 0 0 0 0 100 100 69.23077 40 80 44.44444 71.42857 44.44444 62.5 50 100 45.45454 40 55.55556 36.36364 0 18.18182 85.71429 50 62.5 90.90909 16.66667 50 58.33333 44.44444 50 28.57143 83.33334 52.94118 100 73.33334 50
0 0 0 0 0 0 0 0 0 0 0 0 0 0 0 0 0 0 0 0 0 0 0 0 0 0 4 0 0 0 0 0 0 0 0 69.23077 81.81818 0 0 0 0 0 0 0 0 81.81818 37.5 0 84.61539 64.28571 70 92.85714 70 90 50 14.28571 50 100 89.83051 29.41176 100 84.61539 74.4186 53.19149 59.375 68.42105 12.90323 22.85714 16 75 81.08108 59.375 9.090909 36.36364 48.57143 71.05264 69.69697 63.04348 68.62745 28.125
0 0 0 0 0 0 0 0 0 0 0 42.85714 60.86956 76.66666 20 0 0 0 0 0 0 0 0 0 0 0 0 0 0 0 0 0 0 0 0 63.63636 0 6.451613 0 0 0 93.54839 0 0 76.92308 73.33334 92.30769 54.54546 66.66666 86.58537 92.06349 82.05128 38.70968 96.15385 83.33334 65.21739 50 77.77778 33.33333 86.36364 91.42857 84.61539 87.5 60 100 72.72727 60.60606 35 53.33333 100 92 76.92308 70.7317 76 36.36364 9.523809 84 83.33334 80.76923 100
0 0 0 0 0 0 0 0 0 0 0 28.57143 51.6129 95.83334 27.77778 55.55556 87.5 0 0 0 0 0 0 0 0 0 0 0 0 0 0 0 0 0 72 0 0 0 0 0 0 39.13044 52.63158 62.85714 73.91304 70.7317 82.75862 100 92.59259 75 88.46154 85.71429 80 72.72727 14.28571 50 71.42857 81.81818 73.68421 95.45454 81.81818 92.30769 57.69231 90 63.15789 74.19355 76.92308 50 33.33333 96.66666 80.76923 59.375 57.14286 77.14286 45.45454 55.55556 62.5 90.32258 59.09091 80.95238
0 0 0 0 0 0 0 0 0 0 0 0 15 0 80 83.33334 0 39.13044 22.72727 10 33.33333 0 0 0 0 0 0 0 0 0 0 0 0 0 0 0 0 0 0 88 100 38.09524 50 84.61539 60.86956 73.33334 100 95 94.5946 26.31579 84.61539 23.52941 57.89474 66.66666 21.05263 90 40 65.38461 84.61539 33.33333 85.71429 82.35294 73.68421 43.75 81.81818 62.5 57.14286 80.76923 93.75 75 75.86207 54.16667 69.56522 43.75 90.47619 60 76.19048 88 85.71429 40
0 0 0 0 0 0 0 0 0 0 0 0 60 22.22222 0 40 6.666667 76.47059 47.05882 46.66667 52.17391 93.75 87.5 0 0 0 0 0 0 0 0 0 25 0 0 0 0 45.45454 92.30769 72.22222 69.23077 65 6.666667 35.71429 100 45 0 6.666667 100 10 76.47059 73.33334 0 53.84615 75 63.15789 76.92308 73.33334 90 68.75 93.33334 91.66666 92.30769 76.92308 84.61539 7.142857 58.33333 80 88.23529 83.33334 64.28571 64.70588 21.42857 57.89474 53.84615 44.44444 28.57143 60 77.77778 86.66666
0 0 0 0 0 0 0 0 0 0 0 0 45.45454 76.92308 56.25 85.71429 30.76923 85.71429 76.47059 40 7.692307 81.81818 82.35294 58.33333 0 0 0 0 0 0 0 22.22222 0 0 0 33.33333 100 71.42857 77.77778 83.33334 40 60 72.72727 50 75 64.28571 0 0 50 66.66666 55.55556 37.5 0 28.57143 60 50 58.33333 77.77778 23.07692 57.14286 60 100 60 100 91.66666 44.44444 83.33334 14.28571 66.66666 80 90 30.76923 66.66666 55.55556 9.090909 76.92308 66.66666 90.90909 94.73684 57.14286
0 0 0 0 0 0 0 0 0 0 0 10 53.33333 82.35294 70 71.42857 75 100 100 86.36364 69.23077 71.42857 0 57.14286 0 0 0 0 0 0 20 10 0 0 45.45454 93.75 100 69.23077 91.66666 100 53.84615 57.14286 66.66666 80 80 75 16.66667 25 85.71429 50 46.66667 0 83.33334 100 70.58823 15.38461 73.33334 100 88.23529 100 100 94.11765 94.73684 91.66666 53.84615 88.88889 77.77778 60 85 93.33334 25 81.81818 47.05882 27.27273 36.36364 42.85714 60 22.22222 83.33334 58.33333
0 0 0 0 0 0 0 0 0 0 0 0 54.54546 88.88889 87.5 81.81818 82.35294 62.5 100 88.88889 83.33334 92.85714 100 60 50 54.54546 0 0 0 0 0 0 0 66.66666 58.33333 54.54546 52.63158 50 91.66666 88.23529 8.333333 88.88889 40 84.61539 100 80 85.71429 90.90909 71.42857 8.333333 8.333333 0 33.33333 40 42.85714 75 68.42105 33.33333 84.61539 100 90.90909 93.75 100 87.5 70 50 66.66666 8.333333 92.30769 81.25 77.77778 92.30769 63.63636 40 71.42857 78.57143 9.090909 64.70588 37.5 50
0 0 0 0 0 0 0 0 0 0 0 0 0 16.66667 78.57143 55.55556 64.28571 85.71429 90.90909 76.92308 100 60 88.88889 83.33334 73.33334 100 100 100 9.090909 0 0 0 77.77778 69.23077 100 81.25 8.333333 76.92308 76.92308 83.33334 68.75 70 80 83.33334 75 100 100 0 38.46154 87.5 58.33333 81.25 37.5 86.66666 60 78.57143 57.14286 50 81.25 91.66666 80 80 90 92.85714 100 85.71429 53.84615 12.5 14.28571 85.71429 71.42857 12.5 85.71429 70 76.92308 70 75 66.66666 70 18.18182
0 0 0 0 0 0 0 0 0 0 0 0 0 0 53.84615 70 61.53846 75 63.63636 83.33334 72.72727 80 76.92308 71.42857 83.33334 91.66666 80 33.33333 10 30 100 66.66666 58.33333 75 80 75 0 40 46.15385 81.81818 37.5 91.66666 100 100 90.90909 45.45454 69.23077 22.22222 11.11111 66.66666 40 42.85714 46.66667 53.33333 46.15385 50 100 75 58.33333 85.71429 40 66.66666 22.22222 75 100 58.33333 33.33333 75 11.11111 27.27273 36.36364 86.66666 68.75 50 30 27.27273 78.57143 84.61539 50 46.66667
0 0 0 0 0 0 0 0 0 0 0 0 50 62.5 0 20 9.090909 75 84.61539 76.92308 86.66666 73.33334 40 20 63.63636 100 22.22222 55.55556 36.36364 33.33333 0 75 50 0 88.88889 10 0 11.11111 72.72727 80 58.33333 100 90 46.15385 100 92.30769 61.53846 83.33334 12.5 41.66667 100 91.66666 81.25 41.66667 55.55556 57.14286 91.66666 84.61539 81.81818 22.22222 27.27273 36.36364 45.45454 100 22.22222 62.5 81.81818 71.42857 20 0 85.71429 100 72.72727 81.81818 62.5 61.53846 23.07692 58.33333 100 50
0 0 0 0 0 0 0 0 0 0 0 0 66.66666 72.22222 0 22.22222 0 44.44444 76.47059 53.84615 73.33334 46.15385 50 37.5 76.92308 62.5 9.090909 40 0 100 60 71.42857 62.5 100 100 81.81818 62.5 35.71429 60 12.5 88.88889 71.42857 22.22222 90 85.71429 90 81.81818 80 0 46.15385 84.61539 37.5 87.5 63.63636 50 100 100 92.30769 50 25 50 72.72727 44.44444 14.28571 88.88889 50 71.42857 91.66666 90.90909 100 91.66666 66.66666 88.88889 88.88889 33.33333 62.5 85.71429 76.92308 10 8.333333
0 0 0 0 0 0 0 0 0 0 0 0 0 0 0 0 0 0 0 0 0 0 0 0 0 0 0 0 58.33333 66.66666 11.11111 54.54546 0 87.5 9.090909 66.66666 66.66666 0 77.77778 57.14286 90 72.72727 81.81818 66.66666 100 80 81.81818 100 87.5 100 80 57.14286 12.5 60 80 100 63.63636 18.18182 11.11111 50 40 77.77778 66.66666 100 100 90 66.66666 70 83.33334 66.66666 66.66666 77.77778 66.66666 70 100 88.88889 93.75 100 57.14286 55.55556
