canopy.asc
ncols         1040
nrows         514
xllcorner     497943.03125
yllcorner     5178296
cellsize      30
NODATA_value  -9999
[rows 144 to 179 of 514, columns 320 to 399 of 1040]
0 0 0 20 60 11.11111 0 22.22222 100 0 37.5 0 0 0 0 0 0 0 0 0 0 0 0 0 0 0 0 0 50 81.81818 22.22222 27.27273 18.18182 0 10 36.36364 50 76.92308 72.72727 100 100 16.66667 27.27273 33.33333 41.66667 84.61539 25 25 50 15.38461 80 63.63636 85.71429 81.81818 30 80 64.28571 91.66666 100 76.47059 40 9.090909 92.85714 16.66667 84.61539 86.66666 0 0 0 100 92.30769 33.33333 0 0 0 0 0 0 0 0
0 0 0 100 87.5 11.11111 10 0 0 0 0 0 0 0 0 0 0 0 0 0 0 0 0 0 0 0 0 40 12.5 75 40 15.38461 0 8.333333 0 60 33.33333 22.22222 80 83.33334 91.66666 27.27273 70 90 60 87.5 50 77.77778 50 64.28571 33.33333 66.66666 85.71429 92.85714 70 77.77778 93.75 35.71429 28.57143 20 58.33333 43.75 0 90.90909 100 0 0 0 0 0 63.63636 66.66666 0 0 0 0 0 0 0 0
0 0 0 18.51852 7.407407 62.96296 0 0 0 0 0 0 0 0 0 0 0 0 0 0 0 0 0 0 0 0 0 0 11.11111 0 55.55556 30.43478 31.57895 4.545455 4.761905 47.82609 36.84211 9.090909 65.21739 88.46154 96.42857 73.91304 90.90909 64.28571 52.63158 83.33334 70.83334 69.23077 58.62069 87.09677 21.42857 72.72727 96.15385 86.20689 83.33334 92.85714 64.70588 42.85714 41.37931 16 4.761905 65 0 60.86956 90.47619 0 0 20 0 5.882353 0 0 0 0 0 0 0 0 0 0
0 0 0 13.33333 4.761905 37.93103 0 0 33.33333 0 0 0 0 0 0 0 0 0 0 0 0 0 0 0 0 0 0 0 30 41.17647 19.04762 33.33333 0 0 0 33.33333 52.63158 28.57143 45.83333 77.41936 100 58.33333 40 31.57895 42.85714 47.36842 28.57143 61.53846 13.63636 59.09091 20.68966 32 86.95652 88.46154 25 20 5.263158 69.23077 61.29032 20.83333 45.45454 0 56.52174 84 42.85714 100 0 0 0 75 0 0 0 0 0 0 0 0 0 0
0 0 0 28.57143 61.53846 9.090909 28.57143 22.22222 0 0 5.263158 40 0 0 0 0 0 0 0 0 0 0 0 0 0 0 0 0 0 0 0 0 0 0 31.57895 5.882353 94.73684 95 89.47369 84.61539 86.36364 37.5 55.55556 60.86956 21.05263 22.22222 50 5 23.07692 38.23529 25 0 84.61539 76 38.09524 87.5 52.38095 40 73.91304 0 33.33333 85 33.33333 35 58.33333 80 47.36842 42.10526 83.33334 86.36364 47.36842 76 85.71429 0 0 0 0 0 0 0
0 0 0 11.11111 0 18.18182 42.10526 16.66667 0 7.142857 23.52941 33.33333 0 0 0 0 0 0 0 0 0 0 0 0 0 0 0 0 0 0 0 0 0 0 52.94118 52.17391 73.33334 73.33334 55.55556 64.70588 93.33334 78.57143 33.33333 30 52.94118 0 18.18182 44.44444 68.18182 61.11111 57.89474 30.43478 5.555555 40.90909 5 14.28571 5.555555 100 72 50 79.16666 71.42857 89.28571 65 82.6087 83.33334 100 96.875 100 92.30769 31.57895 75 15.78947 95.2381 65 42.85714 90 96.15385 78.26087 68.96552
0 0 0 5.555555 78.26087 74.07407 55 35.71429 13.33333 0 5.882353 0 0 0 0 0 0 0 0 0 0 0 0 0 0 0 0 0 0 0 0 0 0 6.25 0 9.523809 0 23.52941 50 12.5 100 28.57143 22.22222 48 0 63.63636 40 38.09524 53.33333 22.22222 61.53846 42.85714 96.42857 65.21739 73.07692 100 90.90909 100 65 47.36842 85.71429 100 100 80 65.21739 100 92.30769 96.42857 95.83334 48 75.75758 93.33334 93.33334 41.66667 100 93.54839 53.57143 83.33334 72.34042 75
0 0 0 0 5.555555 0 70.83334 5.555555 16.66667 0 0 0 9.523809 0 0 0 0 0 0 0 0 0 0 0 0 0 0 0 0 0 0 0 0 10.52632 0 20 36.84211 40 77.77778 5.882353 100 94.11765 0 60 86.36364 73.68421 63.63636 23.80952 50 91.30434 13.04348 54.16667 85.71429 90 75 90.47619 95.2381 96 69.23077 68 76 70 75 100 85.18519 100 82.14286 100 94.11765 95.65218 69.23077 95.83334 95.45454 90.47619 88.88889 85.18519 57.89474 47.36842 41.66667 95.45454
0 0 0 5.882353 72.72727 18.75 47.05882 0 0 0 5.263158 0 0 0 0 0 0 0 0 0 0 0 0 0 0 0 0 0 0 0 0 0 0 0 0 31.57895 10 36.36364 73.33334 91.66666 100 96.15385 89.28571 82.6087 86.66666 86.95652 96.2963 95 73.52941 76 39.13044 92.59259 95 85 50 63.63636 23.52941 25 80 36.84211 76.92308 26.31579 92.85714 68.18182 80.95238 91.66666 100 85.71429 75 85.18519 84.61539 96.15385 85 95.2381 76.92308 100 78.26087 82.14286 58.33333 87.5
0 0 46.66667 0 47.36842 76.92308 25 44.44444 66.66666 0 12.5 0 0 0 0 0 0 0 0 0 0 0 0 0 0 0 0 0 0 0 0 0 0 0 0 0 0 100 100 100 100 100 100 88.88889 84.61539 100 80 94.73684 88.23529 100 73.68421 100 27.27273 23.07692 18.18182 10 10 15.38461 54.54546 21.42857 0 81.81818 10 92.85714 92.30769 100 100 100 100 90.90909 93.33334 85.71429 100 78.94736 77.77778 90.90909 90 77.77778 100 68.75
0 0 58.33333 76.92308 0 63.63636 0 33.33333 53.33333 0 0 0 0 0 0 0 0 0 0 0 0 0 0 0 0 0 0 0 0 0 0 0 0 0 0 0 27.27273 84.61539 92.85714 88.88889 90 90.90909 100 87.5 60 81.25 100 92.30769 76.47059 69.23077 76.47059 18.18182 41.66667 33.33333 66.66666 10 9.090909 81.81818 50 42.85714 11.11111 73.33334 93.75 93.33334 90 88.88889 72.72727 100 88.88889 85.71429 100 91.66666 78.57143 80 83.33334 100 80 91.66666 41.66667 80
0 0 53.84615 35.71429 0 62.5 0 0 0 28.57143 11.11111 0 30 0 0 0 0 0 0 0 0 0 0 0 0 0 0 0 0 0 0 0 0 0 0 58.33333 90 55.55556 92.85714 100 81.25 92.30769 90 100 85.71429 70 81.81818 100 71.42857 76.92308 50 36.36364 0 16.66667 0 0 27.27273 0 35.71429 30 44.44444 62.5 38.46154 50 25 100 100 100 91.66666 73.33334 100 100 100 92.85714 90.90909 71.42857 50 80 90.90909 61.90476
0 0 61.53846 50 69.23077 63.63636 45.45454 -9999 37.5 33.33333 66.66666 0 0 0 0 0 0 0 0 0 0 0 0 0 0 0 0 0 0 0 0 20 30.76923 50 11.11111 40 100 100 84.61539 90.90909 100 88.88889 100 100 100 87.5 91.66666 100 78.94736 66.66666 25 18.18182 0 33.33333 22.22222 76.92308 25 9.090909 20 72.72727 91.66666 66.66666 36.36364 18.18182 72.72727 100 100 66.66666 72.72727 78.57143 85.71429 100 75 90 100 76.92308 75 70 91.66666 50
0 0 0 40 90.90909 12.5 75 42.85714 70 40 20 0 0 0 0 0 0 0 0 0 0 0 0 0 37.5 27.27273 64.28571 53.33333 80 42.85714 81.81818 0 60 0 88.88889 54.54546 80 75 93.33334 85.71429 100 92.85714 100 100 100 90 100 92.85714 94.11765 90.90909 56.25 50 25 54.54546 81.81818 80 50 30 50 45.45454 50 80 27.27273 44.44444 84.61539 100 100 76.92308 90.90909 77.77778 91.66666 84.61539 100 84.61539 54.54546 100 83.33334 70 50 69.23077
0 0 0 36.36364 61.53846 0 33.33333 62.5 0 0 37.5 0 0 0 0 0 0 0 0 0 0 0 0 0 0 55.55556 75 66.66666 60 54.54546 40 80 60 20 10 72.72727 100 100 100 78.57143 88.88889 100 90 100 100 93.75 93.33334 100 53.33333 64.70588 90.90909 73.33334 0 25 35.71429 9.090909 56.25 71.42857 90 85.71429 60 64.28571 81.81818 33.33333 20 91.66666 100 100 100 80 90 82.35294 100 100 81.81818 100 18.18182 72.72727 54.54546 92.85714
0 0 0 0 45.45454 37.5 80 14.28571 0 0 30 0 0 0 0 0 0 0 0 0 0 0 0 0 0 0 0 0 90 0 20 18.18182 25 30 0 100 100 100 100 90.90909 76.92308 100 92.30769 100 83.33334 87.5 93.33334 100 94.44444 80 36.36364 81.81818 78.57143 54.54546 20 53.33333 61.53846 50 66.66666 46.66667 77.77778 0 20 80 37.5 100 100 100 80 60 75 80 84.61539 66.66666 69.23077 81.81818 90 81.81818 75 86.66666
0 0 0 0 0 0 0 0 0 0 0 0 0 0 0 0 0 0 0 0 0 0 0 0 0 0 0 9.090909 54.54546 0 63.63636 0 0 0 0 66.66666 45.45454 100 84.61539 69.23077 100 75 100 81.81818 69.23077 69.23077 81.25 100 87.5 83.33334 63.63636 33.33333 50 10 40 60 40 41.66667 44.44444 18.18182 66.66666 50 18.18182 25 45.45454 83.33334 91.66666 84.61539 60 53.84615 46.15385 93.75 100 84.61539 93.33334 81.81818 60 76.92308 100 71.42857
0 0 0 0 0 0 0 0 0 0 0 0 0 0 0 0 0 0 0 0 0 0 0 0 0 0 0 0 30 45.45454 0 0 0 0 0 0 44.44444 100 64.28571 94.11765 100 100 100 90.90909 100 100 100 92.30769 100 100 88.88889 44.44444 9.090909 0 30 0 9.090909 50 76.92308 33.33333 50 25 53.84615 71.42857 60 72.72727 90.90909 64.28571 92.85714 57.14286 53.84615 68.42105 86.66666 76.92308 76.92308 70 80 100 76.92308 57.14286
0 0 20 20 0 0 0 0 0 0 25 0 0 0 0 20 0 0 0 0 0 0 0 0 10 9.090909 0 0 0 9.090909 33.33333 20 0 0 0 0 30 77.77778 80 100 100 91.66666 83.33334 100 78.57143 90.90909 100 100 100 85 100 72.72727 0 46.66667 0 41.66667 75 18.18182 72.72727 0 85.71429 85.71429 50 50 90.90909 100 42.85714 27.27273 66.66666 75 81.25 73.68421 92.85714 100 66.66666 92.30769 100 76.92308 25 8.333333
0 0 0 0 0 0 0 0 0 0 0 0 0 0 0 9.090909 10 50 0 0 0 0 20 0 0 0 0 0 0 8.333333 9.090909 0 9.090909 9.090909 0 18.18182 44.44444 84.61539 81.25 100 75 93.33334 85.71429 73.33334 68.75 84.61539 56.25 100 100 100 100 25 45.45454 76.47059 0 36.36364 92.30769 0 56.25 18.18182 33.33333 50 90 45.45454 30 64.28571 77.77778 84.61539 88.88889 92.85714 93.75 93.75 89.47369 83.33334 42.85714 75 87.5 63.63636 16.66667 88.88889
0 0 0 0 0 0 0 0 0 0 44.44444 0 0 0 0 0 0 16.66667 50 0 0 0 11.11111 20 0 0 8.333333 0 0 7.692307 0 0 0 0 0 0 14.28571 100 71.42857 85.71429 85.71429 83.33334 83.33334 91.66666 100 100 84.21053 80 100 100 100 45.45454 64.70588 92.30769 57.14286 20 68.75 72.72727 100 75 80 84.61539 84.61539 83.33334 81.81818 69.23077 75 91.66666 70 93.33334 100 100 92.30769 88.88889 90 86.66666 0 9.090909 45.45454 73.33334
0 0 0 0 0 0 0 42.85714 71.42857 87.5 0 10 10 16.66667 0 20 10 0 57.14286 36.36364 7.142857 7.692307 69.23077 50 27.27273 9.090909 35.29412 25 37.5 40 16.66667 15.38461 0 0 30.76923 40 9.090909 50 61.90476 100 100 50 73.33334 90.90909 50 92.85714 81.81818 88.23529 73.68421 100 100 93.75 36.36364 64.28571 41.17647 58.82353 9.090909 71.42857 70 90.90909 91.66666 75 63.63636 27.27273 100 85.71429 100 93.33334 100 86.95652 100 100 100 100 75 100 81.81818 91.66666 93.75 100
0 0 0 0 0 0 0 0 0 0 10 100 0 0 0 0 0 8.333333 69.23077 100 85.71429 68.18182 55.55556 41.66667 62.5 53.84615 75 76.47059 84.61539 52.63158 64.70588 26.66667 83.33334 61.53846 58.33333 61.53846 54.54546 0 72.72727 100 100 92.85714 80 100 81.25 66.66666 80 84.21053 100 88.88889 94.73684 100 100 88.23529 83.33334 81.25 77.77778 72.22222 91.66666 50 40 93.33334 84.61539 68.75 50 0 0 30.76923 50 91.66666 90 91.66666 76.92308 91.66666 100 81.25 100 87.5 42.85714 94.44444
0 0 0 0 0 0 0 0 76.92308 91.66666 18.18182 0 0 57.14286 0 0 0 31.25 64.70588 86.95652 75 88.88889 100 60 77.77778 86.36364 100 83.33334 13.7931 2.439024 64.58334 66.66666 34.48276 77.38095 48.21429 78.125 23.68421 2.325581 80.95238 76.92308 92.85714 93.33334 69.23077 56.25 85.71429 23.07692 90.47619 89.47369 100 84.61539 100 90 95 100 100 50 80 100 100 91.66666 81.81818 80 76.92308 63.63636 100 54.54546 42.85714 100 91.66666 66.66666 92.85714 88.88889 94.11765 93.33334 93.33334 100 100 100 92.30769 100
0 0 0 0 0 0 0 52.17391 78.57143 96.9697 46.875 0 0 86.48649 0 0 7.692307 70.32967 81.57895 70 78.94736 93.54839 91.17647 100 97.22222 95.45454 75 80.64516 88.46154 85.29412 40 87.87878 76 81.81818 73.33334 72 54.54546 55.88235 0 96.55173 81.48148 83.33334 96.77419 88.4058 54.28571 18.75 69.56522 95.65218 70.58823 61.11111 100 80.95238 90.90909 71.42857 75 71.42857 57.89474 80 75 62.5 75 75 87.5 66.66666 50 75 100 100 100 100 94.73684 100 100 80.95238 100 100 90 100 77.77778 100
0 0 0 0 0 0 5 82.75862 80 90.47619 22.72727 0 0 0 0 0 4.166667 3.703704 16 44.44444 94.28571 97.36842 61.53846 80 83.33334 100 79.31035 47.61905 91.30434 100 100 100 25 93.75 95.45454 76.19048 69.23077 13.33333 7.142857 0 88.88889 100 100 60 70 100 40.74074 69.69697 66.66666 96.2963 89.28571 93.75 95.2381 100 100 62.5 80.55556 85.29412 77.27273 96.9697 81.57895 67.85714 88.46154 91.66666 89.13043 55.55556 100 89.79592 100 83.33334 100 100 83.33334 100 90.90909 95.2381 91.66666 92.42424 77.77778 86.66666
76 90 33.33333 0 0 61.90476 94.73684 80.95238 100 93.33334 80 0 0 0 0 0 85.71429 66.66666 41.17647 0 85 90.47619 78.26087 73.91304 69.23077 88.88889 76 96 95.65218 86.36364 77.77778 95.2381 64.70588 77.77778 100 75 95 81.81818 0 52.63158 95.45454 80.95238 95 92 82.35294 78.94736 0 78.125 79.16666 58.06452 88 93.33334 100 100 52.94118 91.66666 86.36364 50 100 68.75 52.38095 88 84.61539 48 43.47826 91.66666 100 86.95652 90.47619 100 100 86.95652 88.46154 100 100 90 91.30434 96.77419 93.75 87.23404
89.47369 95.45454 58.82353 88.88889 100 0 100 87.5 94.44444 26.66667 87.5 0 0 0 0 0 38.88889 69.56522 11.76471 44.44444 0 85.71429 85.71429 69.23077 64.28571 69.56522 100 71.875 93.54839 80 78.57143 65.21739 100 50 73.33334 100 5.882353 17.64706 9.090909 14.28571 90 63.15789 53.84615 84.21053 93.75 85.71429 56.52174 0 81.81818 94.44444 60 69.56522 96.2963 96 100 100 100 88.23529 62.06897 84.21053 58.06452 86.95652 85.71429 82.14286 58.06452 96.15385 70.37037 57.69231 66.66666 86.36364 88.46154 90 100 95.45454 33.33333 86.36364 94.44444 0 89.18919 97.56097
80 87.5 90 66.66666 22.22222 75 85.71429 60 57.14286 40 33.33333 0 0 57.14286 0 42.85714 12.5 22.22222 63.63636 12.5 20 100 33.33333 80 75 88.88889 66.66666 78.57143 100 100 75 93.33334 93.33334 100 75 50 85.71429 62.5 58.82353 9.090909 33.33333 71.42857 87.5 88.88889 100 70 100 62.5 100 90 77.77778 0 100 90 44.44444 100 100 90 60 55.55556 71.42857 80 73.33334 75 0 81.81818 81.81818 87.5 88.88889 72.72727 84.61539 100 100 92.85714 90 81.81818 100 100 91.66666 83.33334
100 42.10526 84.61539 47.05882 87.5 66.66666 75 84.61539 75 87.5 7.142857 0 0 86.36364 23.07692 87.5 80 78.57143 64.28571 41.66667 100 43.75 83.33334 50 80 92.30769 70.58823 21.42857 26.66667 82.35294 76.47059 75 93.33334 78.57143 75 93.75 64.28571 70.58823 8.333333 93.75 33.33333 72.72727 93.33334 75 50 68.42105 75 71.42857 100 73.68421 76.92308 40 87.5 100 92.30769 100 100 100 100 100 100 66.66666 90 40 44.44444 81.81818 60 100 87.5 100 100 72.72727 100 100 100 100 100 88.88889 85.71429 100
92.30769 55.55556 80 0 16.66667 71.42857 65 47.36842 56.25 92.85714 25 0 0 72.72727 71.42857 61.53846 60 80 68.42105 72.22222 92.85714 92.30769 57.89474 71.42857 83.33334 62.5 58.33333 66.66666 66.66666 93.75 78.57143 58.82353 45.45454 86.66666 85.71429 91.66666 84.61539 64.28571 18.18182 100 81.81818 56.25 84.61539 70 0 7.692307 21.42857 80 60 80 61.11111 100 93.33334 76.19048 100 100 100 100 92.30769 100 64.70588 55 88.88889 80 40 90.90909 83.33334 66.66666 46.15385 93.33334 100 100 100 88.23529 100 87.5 92.30769 100 100 100
61.53846 27.27273 94.11765 44.44444 100 78.57143 53.84615 60 81.25 68.75 25 0 0 78.57143 70.58823 73.33334 77.77778 61.53846 46.15385 81.25 60 7.142857 78.57143 90 85.71429 78.94736 76.92308 81.25 100 84.61539 76.92308 100 80 91.66666 78.57143 88.88889 70 0 0 0 72.72727 40 20 0 82.35294 23.07692 10 64.70588 84.21053 44.44444 94.11765 92.30769 82.35294 94.44444 94.73684 70.58823 64.28571 100 86.66666 100 66.66666 72.22222 100 80 35.71429 50 53.84615 100 100 92.85714 75 80 91.66666 93.33334 93.75 88.23529 100 100 100 93.75
76.92308 83.33334 54.54546 83.33334 73.33334 42.85714 46.66667 53.84615 58.33333 83.33334 16.66667 0 0 0 92.30769 53.33333 75 81.25 58.82353 0 73.33334 0 40 8.333333 40 88.23529 75 81.25 100 71.42857 100 69.23077 91.66666 90.90909 28.57143 81.81818 45.45454 36.36364 0 57.14286 0 0 0 0 0 33.33333 76.47059 65 90.90909 55 91.66666 64.70588 70 92.30769 100 100 94.73684 100 84.61539 100 78.57143 55.55556 41.66667 76.92308 90.90909 92.85714 100 100 61.53846 86.66666 64.70588 92.85714 100 100 100 66.66666 100 90.90909 100 100
53.33333 64.70588 50 68.75 84.61539 41.66667 70.58823 72.22222 60 40 16.66667 0 0 0 0 33.33333 42.85714 42.85714 78.57143 66.66666 57.89474 88.23529 0 8.333333 46.66667 46.15385 100 50 37.5 66.66666 100 77.77778 83.33334 18.18182 0 28.57143 62.5 0 0 16.66667 0 0 0 0 0 37.5 68.75 86.66666 72.72727 80 66.66666 53.84615 46.66667 92.85714 100 85 69.23077 71.42857 85.71429 100 76.92308 84.61539 100 100 92.30769 55.55556 92.85714 76.92308 91.66666 45.45454 91.66666 92.85714 71.42857 72.22222 100 100 80 90 60 81.81818
36.36364 11.11111 30.76923 38.46154 46.15385 72.72727 56.25 47.05882 76.92308 80 0 0 0 58.33333 83.33334 100 31.25 0 10 37.5 21.42857 58.33333 42.85714 76.47059 33.33333 63.63636 30.76923 84.61539 66.66666 60 40 66.66666 80 0 20 85.71429 22.22222 90.90909 100 64.28571 71.42857 0 0 0 0 53.84615 0 0 9.090909 16.66667 81.81818 91.66666 83.33334 90.90909 81.81818 93.33334 41.66667 100 68.42105 100 90.90909 92.30769 100 78.57143 87.5 80 92.30769 60 91.66666 100 76.47059 88.88889 91.66666 100 100 87.5 92.30769 92.85714 92.85714 90
45.45454 78.57143 36.36364 30 45.45454 20 81.81818 37.5 75 0 0 27.27273 0 0 0 0 0 0 0 0 0 53.84615 0 0 0 0 23.07692 0 0 0 0 0 0 84.61539 0 0 0 0 0 20 16.66667 0 0 0 0 0 89.47369 30 10 0 0 100 85.71429 93.75 94.73684 75 100 64.28571 100 100 93.75 85.71429 91.66666 92.85714 100 86.66666 100 90.90909 50 76.92308 50 60 75 100 91.66666 75 100 75 64.70588 80
