heights.asc
ncols         1040
nrows         514
xllcorner     497943.03125
yllcorner     5178296
cellsize      30
NODATA_value  -9999
[rows 238 to 271 of 514, columns 539 to 615 of 1040]
30.007 6.647 20.895 29.518 26.386 24.513 10.79 0 2.614 21.358 22.365 22.353 24.23 22.852 21.018 23.847 23.038 24.913 23.704 23.469 0.539 0.266 11.118 18.404 32.874 27.537 24.292 22.916 4.68 4.692 11.295 12.78 0.242 21.612 14.257 24.853 18.67 0.294 16.379 23.692 21.743 0.443 2.063 2.377 0 23.576 24.456 18.19 14.771 15.491 0 5.86 0.391 21.201 5.831 0 0.224 3.651 4.476 0.549 0.688 15.231 0 0 24.914 24.465 21.594 19.48 16.676 23.859 27.528 27.736 15.681 21.864 24.535 26.734 20.685
20.023 27.127 21.99 25.941 26.048 22.444 20.854 15.773 23.416 19.669 16.716 17.744 22.705 18.218 19.39 23.816 27.815 19.215 9.756 27.024 0.351 0.341 0.339 0.528 28.682 22.12 21.934 0.468 2.051 9.752 6.027 1.828 0 15.343 15.861 18.075 25.181 0.409 21.396 34.098 1.642 14.9 23.928 29.253 23.614 17.059 0.609 0.408 0 9.92 0 0 13.324 0 0 0 0.316 0.5 0.358 0 0.289 0 0 4.484 0 19.563 20.786 14.132 17.469 23.849 21.578 13.879 9.005 25.016 29.302 26.438 22.128
24.982 22.131 18.413 18.304 15.75 16.846 4.513 23.438 14.095 23.313 28.26 17.737 25.166 26.445 0.482 29.697 28.188 15.705 24.424 21.073 0.598 22.738 8.621 31.926 25.739 19.382 22.562 0.433 19.924 15.857 6.23 13.775 2.301 11.331 21.83 17.241 19.278 0 25.172 0 21.279 18.339 14.767 24.428 20.895 26.758 16.173 29.407 0.243 0.405 20.876 12.505 0.37 0 0 0 0.339 29.975 0.373 0.587 0 29.744 0 0 0 15.027 23.076 22.288 30.248 20.06 24.073 28.139 27.965 33.814 38.806 23.494 21.231
19.705 23.228 23.468 26.104 9.922 13.204 11.434 12.813 27.543 30.524 20.305 27.268 12.307 39.3 0.44 34.083 20.286 20.961 20.757 11.919 0.285 8.015 0.484 21.638 24.453 25.911 22.588 15.749 23.601 18.391 20.236 7.96 16.463 23.693 29.9 36.456 22.877 15.726 0.337 17.916 15.859 18.249 19.119 5.822 25.131 17.996 24.431 0 0 9.027 0 22.663 4.444 3.344 21.689 0 0.267 0.574 0.32 0.528 0.61 1.982 0 0 0 0 0.71 17.837 20.21 37.463 31.457 32.984 27.443 24.844 26.07 30.647 21.045
24.118 13.877 27.603 24.114 18.287 17.236 18.76 24.217 25.429 23.338 29.105 18.925 19.215 22.29 32.942 36.803 24.301 21.506 17.938 28.552 0.276 0.316 0 2.699 19.628 28.398 24.325 19.069 16.874 5.576 6.525 19.607 13.616 20.42 26.389 28.066 25.988 2.131 23.55 12.089 0 3.368 21.948 0.412 28.62 31.843 24.826 23.829 23.69 20.196 6.912 0 4.638 0 12.912 0.687 0.202 0.25 0.381 6.727 0 1.565 0.387 15.944 0.412 6.21 14.102 24.878 18.77 24.304 29.7 31.128 39.931 23.666 33.998 25.154 34.379
17.698 19.329 22.839 21.366 14.414 25.549 21.682 24.582 25.122 26.816 21.043 28.107 29.821 39.672 34.34 25.313 23.515 21.366 10.992 15.628 0.385 0.201 0.277 0.241 26.78 27.596 0.472 25.328 18.515 0.638 5.774 24.249 23.596 25.347 27.508 32.263 19.535 24.995 20.119 20.048 19.22 0 7.873 8.125 32.104 30.06 34.496 24.659 20.957 11.24 0 0 0 0 0 0.354 0 2.24 0.261 2.355 0 17.064 0 0.935 29.965 12.943 26 29.782 33.699 15.62 29.427 26.479 29.633 31.583 17.306 28.637 32.117
0.626 27.582 21.473 17.298 19.622 19.771 0 0 0 0.281 0 25.142 31.36 33.333 25.135 29.575 25.303 15.715 19.337 0.293 0.832 0.233 0.608 0.567 24.093 8.632 20.331 21.629 20.253 15.797 21.122 11.28 22.597 29.05 28.681 21.19 26.693 27.905 18.543 21.634 19.445 16.605 17.656 0 14.734 32.931 31.044 27.036 22.416 29.341 13.328 4.065 9.016 0 0 0 0.569 38.75 0 0 0 29.462 0.33 5.901 23.583 24.076 25.251 22.51 25.245 21.672 33.021 20.903 41.053 34.34 21.904 20.483 30.281
0 0.435 12.314 27.566 19.429 24.767 24.473 26.952 0.615 0 0.552 23.073 27.237 33.94 22.509 32.402 28.868 24.396 0 0.326 1.087 7.145 0.259 0.211 20.775 25.35 20.053 19.291 20.544 22.483 5.439 12.964 1.54 30.966 33.225 35.313 29.586 22.386 23.429 29.28 21.125 11.668 27.131 17.865 0 23.483 27.329 37.184 32.991 22.684 7.021 0 7.628 0 0 0 0.257 0.324 0 0.987 0 0 0.309 1.689 11.848 9.991 0 14.974 21.765 21.032 27.677 28.237 32.672 36.133 19.929 32.405 32.505
0 0.579 15.507 25.162 23.002 25.032 0.299 0 0.217 15.478 1.166 29.323 25.881 31.476 30.323 30.106 26.632 21.017 0 0 0.332 0.265 0.212 0.218 0.231 37.958 22.456 21.292 19.971 22.426 23.801 13.137 23.309 29.088 34.275 37.805 33.166 31.881 30.088 21.504 25.557 0.863 22.78 21.756 6.893 0.858 0.272 40.364 31.077 37.754 31.164 0 0 29.826 0.32 0 0.386 1.062 0.545 10.869 0 0.474 13.489 0 10.652 0 0 0.395 0.212 0 0.969 31.461 29.528 24.617 33.327 17.423 28.902
0 0 30.167 32.865 26.14 0 0 0 0.574 0.528 0.484 17.705 28.967 23.986 32.133 13.991 0 0.311 0 0.358 0.721 1.241 0 0.629 0.694 21.143 29.664 16.284 21.634 23.123 20.321 11.952 25.199 32.933 28.497 28.962 28.778 28.961 24.359 27.194 15.489 23.438 26.684 25.673 20.685 0.24 0 32.208 27.372 25.718 0 9.74 26.68 0 0 0.201 0.252 0.562 0 0 0 4.887 7.751 0 0 0 0.809 0.325 0.332 0 0.202 32.384 35.802 17.431 26.491 25.907 31.123
0 0.44 27.818 31.417 32.663 6.565 0.583 1.133 0 0 0.524 32.192 34.211 25.821 37.563 25.223 0.701 6.279 0.423 0.313 0.605 0.488 0.318 0.387 0.476 41.79 23.363 0 23.477 23.768 24.457 24.804 22.335 36.227 13.184 31.71 35.675 20.805 26.338 31.237 20.081 14.144 12.653 16.794 0 23.3 6.774 0.354 0.34 0 0 0 12.631 6.611 11.154 0.605 0.288 11.867 11.083 0 0 2.511 2.489 0.238 0.815 0 0.312 1.145 0.35 0 13.113 21.027 32.67 24.388 22.261 22.834 26.727
0.233 0.701 30.675 37.552 25.344 0 0.298 0.29 0.591 0.283 12.073 33.05 29.508 30.494 0.301 0 32.805 0 0 0.8 0.654 0.359 0.886 0.692 0 1.251 23.8 0 26.53 27.22 26.172 31.927 27.966 37.284 35.645 32.787 35.355 31.206 36.595 29.658 23.17 26.604 8.517 0.284 0 7.037 0 0 0.849 0 0.383 14.296 23.766 5.622 0 11.317 0.578 0 0 0 0 0.346 0 0 0 6.5 0.828 1.276 0.288 0 0.212 16.192 26.312 26.915 25.043 27.258 17.913
0.278 38.728 29.071 0 0.497 0 0.694 0.981 0.503 0.78 2.063 16.04 0.563 0.858 0 0.831 27.736 0.35 11.265 1.065 0.653 0.57 0.874 8.396 0.425 1.419 30.798 0.331 19.249 29.658 29.025 26.763 23.303 27.843 30.297 41.172 35.24 23.083 28.521 29.71 26.635 25.112 25.327 0 24.04 0.247 0.208 0 0.584 0.285 0 21.638 0 25.16 0 0.491 0.219 8.212 4.954 0.348 1.579 0.277 12.029 0.268 23.66 0 0.268 0.96 0 0.315 0.474 0.901 27.555 29.433 27.743 20.216 1.133
0 0.563 0 0.889 1.298 0.608 0.432 0.447 0.905 1.041 0.938 1.468 1.532 0.221 0 0 5.54 0 0.586 2.339 0.428 0 0.851 0 35.653 35.084 1.101 16.666 17.715 31.386 24.858 22.893 20.43 20.143 23.47 35.329 34.167 35.049 28.745 25.334 27.832 23.535 25.038 19.819 0.26 8.019 13.129 18.794 0 37.793 0.231 0 0.237 0 23.215 0.8 1.107 0 0.367 0.331 0 5.685 0.647 0.847 24.91 27.465 30.365 0.51 0 30.359 0 1.233 0.687 27.445 27.772 28.744 0.482
0.544 0.331 0.958 0 0 0 0 0.438 0.201 0 0.366 0.828 0.266 0 0 0 3.314 8.013 0.265 0.712 0.636 0.372 0.686 0.3 0 38.078 37.947 29.696 19.618 27.878 0 24.076 0.215 24.376 26.348 31.034 31.677 23.975 24.079 35.228 35.065 32.633 28.007 20.533 0 7.002 0 0 0 29.785 0 0.569 0 0 29.201 0.342 0 0 0.283 0.514 0 0.263 2.846 0 0.205 0.251 0.272 0.842 0 0.219 0 1.03 37.923 29.325 28.646 0.532 0.584
0.311 0.289 0 0.71 0.346 0.57 0.586 0.34 0.371 1.509 0 1.202 29.106 0 25.093 0.222 0 2.892 4.94 31.025 0 0.313 0.984 12.092 0.314 11.18 28.366 40.395 28.902 28.809 9.848 25.22 13.726 0 25.83 29.338 33.089 37.617 31.88 32.198 25.955 38.974 30.305 0 0 26.473 0 0 0 25.335 0.571 0.608 1.352 0.489 27.756 0 0.703 0 0.312 0.383 1.431 2.05 0 0 0 0 0 0.614 0.292 0.259 0.477 0.874 1.196 0 0.491 6.423 14.298
1.938 0.429 1.049 0 1.208 0 0.797 0.53 0.363 0 0.443 0.502 0 33.735 9.937 0.207 1.414 0 27.744 17.104 0.226 1.585 0 0.236 41.352 28.037 33.645 29.162 25.986 35.093 34.338 31.167 14.545 25.542 12.761 41.456 35.875 27.65 29.547 33.932 32.336 34.695 36.542 0.353 0 5.281 3.965 0 13.432 0 0.324 0 0.354 0.659 27.633 36.299 0.772 25.55 0 0 0 0 0 1.348 9.03 0.432 0 27.263 0.47 0 6.36 0.659 26.294 0 13.825 10.925 16.864
0.488 0.829 1.011 0 0.59 0.528 2.792 0 0 0.231 0.87 0.227 24.278 28.801 0.337 0.66 0 28.098 0.487 9.562 31.371 15.527 24.458 20.86 33.66 34.443 18.72 23.619 31.869 16.722 35.967 29.429 0 20.402 30.322 32.609 34.903 20.88 28.049 26.006 30.194 18.013 26.627 0.741 0.203 0.259 3.119 18.898 0 0 0 18.075 19.379 30.884 29.507 29.593 0 0.308 26.609 0 0 0 31.339 0 0.243 0.467 0 0 0 0.576 31.041 33.492 18.797 0 11.806 18.399 0
0.262 0.245 0 12.418 0.285 0 0.427 0 0 0 0.956 0 5.286 0 0 1.639 0 0 2.614 27.255 29.834 29.657 37.74 39.975 13.948 19.187 26.214 17.677 29.912 28.086 28.576 1.002 23.344 30.322 39.48 44.585 43.343 21.439 31.637 24.217 28.53 27.939 25.519 31.449 18.402 0.291 0.395 0 0 17.525 5.771 15.456 34.198 13.276 14.235 18.374 21.785 30.353 0 24.556 0 0 27.479 0 3.911 5.405 1.177 10.175 0.608 4.629 32.659 28.21 24.092 5.194 0 1.183 5.793
0 0.451 0 0 1.048 0.57 0 0 0 0.311 0.511 0.596 0 0 0 0.207 0 0.241 27.537 27.062 31.119 29.55 21.774 32.142 30.714 31.84 25.493 34.297 20.628 23.844 0.684 1.369 15.846 41.375 22.034 14.925 27.667 32.039 31.856 29.739 23.947 30.604 49.098 22.791 24.432 15.442 18.373 22.078 6.906 9.409 17.715 18.163 14.158 16.439 16.96 18.984 26.62 21.881 26.897 24.982 23.003 7.027 22.435 27.877 23.776 23.152 22.23 20.629 36.417 29.795 36.847 26.197 28.967 15.06 10.364 17.319 5.376
1.272 0.315 0 0 0.828 0.378 0.804 0 0 0.329 1.041 0.448 0 0 0.297 0.515 0.695 23.534 23.829 40.174 36.722 19.297 26.563 32.238 32.04 27.773 33.128 34.009 22.281 0 3.178 0 0.39 26.252 10.905 22.88 27.863 32.817 21.55 33.351 24.823 29.169 32.677 30.981 25.193 17.49 13.799 9.114 18.925 16.624 14.496 6.401 19.969 15.34 18.027 23.759 29.829 24.695 27.554 28.774 31.216 26.472 27.649 28.235 34.596 29.997 33.4 7.351 33.14 25.259 28.827 26.311 0.447 16.159 0 6.888 22.924
2.032 2.452 0.783 0.291 0.532 1.244 0 0.817 0 0.509 1.716 0 0.638 0.834 0 0.501 0.272 10.251 30.551 27.814 29.718 18.677 16.215 21.339 28.373 33.651 40.133 35.806 29.464 0 0 0.212 3.594 5.06 0.598 24.448 20.206 30.377 35.723 39.882 0.643 35.84 34.9 33.083 30.346 16.641 5.988 22.841 15.355 17.38 12.605 20.43 27.053 15.966 21.006 24.465 22.27 31.266 30.252 18.822 31.519 30.123 28.283 23.22 27.639 20.187 22.481 22.256 31.156 28.299 32.61 23.891 25.123 14.64 0.545 9.385 9.846
16.845 18.759 20.815 23.564 0.954 0 0.404 0 0 0.299 0.841 0.551 0.269 0 0 1.031 8.746 1.041 35.017 18.842 17.842 0 0 15.131 29.896 41.037 36.905 40.931 0 0 0 0 0.808 0.267 0.679 18.887 24.982 29.07 32.193 29.409 26.195 23.207 31.663 15.063 34.287 34.518 34.563 35.875 4.729 20.501 22.957 24.999 17.053 21.856 22.872 14.446 23.339 25.133 31.102 23.035 36.187 25.31 19.187 13.099 28.907 20.015 20.645 3.979 24.319 25.128 23.293 34.188 27.447 0 9.48 25.038 20.878
25.995 20.743 22.888 0 30.328 0 0 0 0 0.313 0.351 1.896 9.947 0 0.233 27.297 0.477 27.81 35.01 28.942 24.115 0 0.802 25.476 38.248 31.414 25.095 0 0 0 1.994 0.685 0 0.429 0.435 1.87 13.302 28.54 29.685 20.741 7.666 29.344 32.184 23.541 30.054 43.383 17.185 44.28 41.373 20.996 18.152 25.323 21.023 25.238 7.951 16.786 22.939 28.899 25.199 29.352 31.346 31.093 24.176 20.615 21.592 23.394 25.409 16.896 27.999 35.568 23.084 28.476 8.014 10.295 0.593 28.005 21.401
26.7 26.308 4.659 0.37 1.227 0 0 6.872 0 2.407 0.275 0 0.223 0 0.355 0.679 35.943 27.791 34.736 23.585 0.495 0 0.6 28.636 35.079 31.979 0 0 0 0 0.269 0.227 0 0.327 0.441 12.048 24.227 8.972 23.665 22.748 34.189 0 0 1.044 29.81 32.05 28.235 27.192 34.31 23.572 24.749 10.345 19.944 23.446 14.504 9.725 11.904 17.149 22.144 21.571 32.845 17.565 30.336 27.306 26.499 21.331 21.128 26.333 34.559 37.958 36.353 34.811 7.948 0 0 27.769 21.044
19.825 7.159 3.044 1.661 10.692 0 23.062 0 0.358 0.46 6.777 6.903 8.498 0.501 0.368 0.36 40.822 28.209 27.931 0.406 29.671 0.323 1.177 31.275 32.261 4.158 0 0 0 0 0.466 0.207 0.725 0.807 1.746 1.205 0.499 0 13.8 0.489 0 0 0 0 0.404 18.356 19.175 32.445 35.74 26.654 14.98 25.532 21.435 21.139 19 5.008 21.258 11.43 26.395 20.675 19.291 26.579 29.086 25.838 25.476 25.394 31.572 30.85 27.056 18.73 23.503 25.277 3.495 0 0.321 19.355 29.752
26.654 15.434 5.976 3.176 1.3 5.347 10.466 0.248 15.819 9.851 2.318 0.681 8.823 0 4.046 2.256 8.08 34.807 0.705 27.582 0.501 0.333 0.768 3.218 0.595 0 1.199 27.058 7.835 0.313 0 0.667 1.373 0.394 13.117 0.974 0.341 0 0 0.45 0 0 0 0 0 0.554 0.297 9.999 22.233 14.782 33.809 21.835 24.112 13.838 15.295 26.294 16.873 15.214 23.011 17.644 27.754 23.205 22.337 21.591 23.136 20.461 27.885 25.322 17.66 24.076 27.5 28.238 25.556 0 15.905 22.793 27.986
31.565 33.068 31.47 17.54 28.319 1.905 5.779 1.433 27.433 24.037 25.046 26.942 19.82 5.423 2.123 8.651 0 0.748 0.388 35.434 1.413 0.347 2.375 0.304 0.242 0.312 1.995 0.421 0.304 26.666 0 0 1.655 1.39 2.12 0.41 0.468 5.533 0.215 3.01 0.278 0 0.275 0.276 0 0.746 0.245 0.787 20.411 31.45 20.149 26.915 28.358 22.005 31.697 17.354 17.221 17.295 21.238 6.94 15.156 23.511 28.08 27.626 23.398 27.756 34.767 28.983 31.881 31.375 40.005 27.26 22.211 11.598 20.849 27.639 26.165
31.945 38.085 29.195 34.983 32.817 29.728 15.854 24.429 21.191 24.751 25.452 25.182 20.122 17.942 1.692 2.085 12.938 6.669 0.81 28.998 0.506 0.57 0.297 1.033 0.716 0 0 0.346 0.263 0 0 0.413 1.148 0.661 0.469 0.221 0.267 0 0.362 0.21 0.262 22.396 0.431 0.378 0.394 0.442 29.288 32.46 34.995 37.386 19.957 24.201 27.69 21.391 33.451 28.823 27.364 21.009 19.986 30.108 27.735 26.196 32.222 23.374 22.319 28.934 32.554 26.879 36.638 28.605 22.234 19.237 9.836 20.163 21.151 25.255 13.774
27.132 31.74 32.649 26.646 31.745 23.854 32.391 30.286 21.272 15.35 26.03 22.102 28.621 17.741 5.436 6.899 4.158 13.405 2.396 1.27 3.125 15.26 0.516 0.443 0.222 0.436 0.585 0.247 0.212 0.405 0.256 0 1.297 0.539 0.309 0.991 1.164 0.321 1.733 0 0.23 1.734 3.761 15.593 3.2 25.856 36.379 30.099 42.439 32.535 24.309 20.572 27.606 29.323 27.73 24.049 27.917 29.369 25.041 21.893 7.874 0 1.01 1.661 17.937 29.035 34.472 32.248 38.773 43.829 29.083 0.391 18.439 26.143 16.724 13.297 15.06
18.134 7.714 21.411 19.065 20.192 18.391 24.748 40.582 14.643 27.589 25.476 27.1 30.794 34.523 22.879 14.219 26.698 27.122 14.773 29.583 1.822 13.815 3.706 0.332 2.417 0 1.928 0.57 0.728 0 0.32 0.817 4.202 0.328 1.843 0.355 3.511 0 25.761 0.722 27.29 23.318 23.094 29.35 13.055 21.434 11.121 26.95 29.112 38.571 22.927 21.746 20.272 26.725 19.192 14.76 29.285 27.082 18.874 26.986 0 22.525 17.568 0.275 32.048 25.81 23.682 16.079 36.698 32.996 11.539 26.789 16.968 21.853 0 21.363 25.528
26.58 3.62 5.974 21.441 11.746 24.566 26.685 28.424 24.027 21.886 25.164 28.031 27.981 28.989 33.225 33.768 21.876 21.675 29.458 15.853 17.613 3.682 2.843 0 0.948 0.595 0.372 0.428 1.074 0.627 0.264 0.559 1.086 1.9 3.276 0.335 0.314 0.628 1.506 6.258 22.354 26.499 17.624 18.769 24.909 14.098 3.784 21.713 35.053 13.255 25.187 20.298 2.733 14.678 22.804 1.752 28.837 29.099 27.708 0.316 29.225 21.695 0.774 25.412 32.75 26.959 22.936 17.757 25.553 27.475 20.955 22.573 17.503 22.015 0 19.088 17.925
23.459 18.715 11.614 19.341 17.464 27.59 18.585 33.502 30.014 17.836 25.235 23.886 22.461 11.794 33.438 32.439 18.936 18.583 23.538 22.147 21.961 6.86 2.149 0.383 0.227 0.785 1.099 2.88 20.711 22.191 16.489 11.424 1.121 7.965 2.257 31.518 0.746 3.259 1.015 22.365 27.501 31.231 14.704 14.098 22.388 12.102 9.955 10.279 29.027 24.962 31.894 24.818 16.948 25.352 2.189 26.328 22.291 0.263 7.806 17.473 0 2.232 1.074 30.615 31.216 26.392 34.315 26.382 29.766 16.739 4.818 19.156 25.404 19.28 15.367 11.919 22.928
25.829 4.247 24.995 18.241 26.82 29.25 22.088 31.522 37.544 28.968 21.03 30.367 25.527 33.546 37.88 29.513 18.017 16.326 26.431 31.154 17.767 18.578 2.065 0.454 4.031 12.616 19.576 31.976 24.605 22.606 26.829 26.15 32.945 30.812 28.653 35.435 21.105 22.683 13.17 11.176 26.924 9.312 19.668 19.595 28.596 22.047 16.279 23.457 35.187 31.852 33.958 21.444 16.426 23.555 22.969 28.388 28.962 25.033 20.688 0 1.099 0.758 17.737 28.046 31.493 28.439 31.191 20.426 23.461 11.514 20.392 20.114 20.711 15.716 11.549 15.08 15.506
