heights.asc
ncols         1040
nrows         514
xllcorner     497943.03125
yllcorner     5178296
cellsize      30
NODATA_value  -9999
[rows 340 to 373 of 514, columns 231 to 307 of 1040]
15.838 0 22.697 30.392 32.606 15.41 28.6 31.911 23.738 0.742 0.419 32.738 0.208 4.47 0 19.123 16.666 25.984 26.728 24.926 12.434 30.092 12.51 32.88 22.595 20.461 15.902 0.745 17.058 12.928 20.868 13.223 19.254 0 28.509 0.613 0.642 13.033 1.476 9.615 18.116 2.28 5.396 1.933 1.714 2.371 0.372 6.227 10.534 16.579 13.45 0.802 13.331 1.399 12.382 31.352 22.457 19.57 27.791 22.904 23.878 27.51 23.946 15.78 15.546 17.463 27.235 24.423 21.498 29.427 20.709 19.137 12.89 20.105 10.656 29.033 27.291
0 29.549 27.571 28.381 10.846 10.592 13.745 32.936 2.119 25.731 29.639 29.011 8.004 3.828 1.059 21.501 31.552 29.408 26.064 13.474 15.704 23.148 35.258 12.959 21.348 17.747 14.593 24.245 31.932 28.307 24.308 29.693 32.781 33.526 24.424 5.949 0 7.131 4.281 12.258 9.185 4.792 0 1.703 0 8.298 6.22 1.096 9.31 15.845 6.264 0.884 8.938 2.196 13.294 30.299 26.74 19.772 27.133 29.577 28.2 25.543 12.923 26.749 24.32 29.026 33.153 31.499 16.732 25.603 12.4 24.91 14.587 33.994 11.008 22.459 30.852
30.22 26.245 24.053 37.027 8.8 34.107 36.436 35.097 33.201 1.017 18.684 0.402 2.688 19.243 2.892 0.519 25.994 27.412 38.051 12.285 20.524 16.738 17.868 0.597 0 1.439 19.6 12.802 30.714 30.722 25.8 25.379 24.87 18.976 12.959 10.788 2.37 11.71 0.747 0 1.192 4.264 0.869 6.868 8.79 6.925 1.076 6.235 0 15.986 0 2.967 9.945 7.503 15.986 36.699 11.373 2.85 28.105 15.497 14.919 33.795 19.793 19.484 12.681 21.346 27.727 21.621 31.974 22.967 25.143 31.584 11.441 13.813 23.735 18.885 23.142
27.322 24.882 27.961 32.793 0.525 9.512 30.517 27.648 34.673 21.578 23.501 12.351 0.333 30.288 31.182 1.484 20.353 13.966 15.321 23.618 14.558 17.17 16.003 2.404 12.721 29.72 36.14 24.775 24.005 28.025 25.743 28.307 14.505 0 19.008 4.602 0 11.363 10.63 7.47 12.453 7.963 0.276 4.113 1.817 0.937 6.017 0.33 21.247 1.297 0 0.954 5.993 0.638 0.236 35.941 13.081 22.236 32.935 24.371 24.109 15.535 18.208 28.389 27.829 14.6 0 21.607 19.93 18.847 29.952 16.731 15.927 9.84 16.703 19.844 18.461
30.404 1.802 0.445 1.638 37.665 2.169 31.46 31.965 26.436 19.001 0.29 0.517 20.154 2.079 28.679 24.542 33.91 25.835 26.548 1.72 0 6.949 27.592 15.252 15.964 18.095 27.016 33.116 24.671 15.189 22.876 9.126 4.423 23.212 30.018 18.48 9.385 11.829 6.729 5.667 11.729 0.351 1.32 2.085 17.661 8.066 19.129 6.552 20.582 0.518 0 0.565 5.096 14.406 0.914 24.965 29.935 16.906 24.886 30.451 26.676 13.509 23.903 35.501 26.901 26.457 13.805 17.119 18.678 16.479 19.778 23.27 18.115 18.587 22.893 8.385 19.318
25.9 27.872 24.939 18.028 0 26.988 26.626 26.725 34.542 7.191 0.757 21.165 0 31.391 0.765 29.151 21.942 0 26.136 1.729 32.692 37.08 27.297 32.351 21.316 0 0 21.973 29.476 27.489 30.755 24.458 19.423 24.7 19.253 21.912 0 10.413 0 5.525 14.215 7.92 0.303 6.724 3.658 4.002 4.889 1.097 8.833 0.911 12.17 0 2.738 1.496 11.767 14.624 23.46 21.282 38.507 24.845 37.546 37.269 26.336 35.825 32.145 20.708 22.989 29.761 26.074 26.403 20.301 19.869 18.433 23.419 17.321 13.449 31.286
1.015 31.87 23.165 25.537 1.663 20.843 19.283 3.938 27.5 3.445 2.064 0.837 0 30.125 13.357 15.752 12.035 5.157 17.936 36.513 0.335 29.559 31.112 27.6 19.039 19.222 20.518 24.367 27.408 25.734 25.755 29.95 24.371 19.417 23.191 27.919 15.794 11.909 14.105 7.209 3.41 1.299 6.579 10.751 12.084 3.618 7.762 21.019 12.343 9.261 15.148 20.968 10.828 0.266 4.08 25.83 29.714 35.906 31.115 24.577 37.235 31.048 33.061 33.178 34.39 24.804 19.764 20.885 14.192 10.912 11.742 4.482 16.624 20.838 22.801 26.535 19.922
16.377 36.424 33.651 32.627 28.286 0 31.269 38.656 33.07 15.27 24.851 9.376 28.516 17.615 11.058 24.27 23.041 9.05 30.746 35.122 32.452 29.712 21.978 30.285 28.043 29.839 27.143 13.497 17.621 17.871 26.889 27.723 22.376 24.924 23.323 19.031 13.006 16.431 0.202 5.322 10.687 12.092 1.104 1.976 9.441 7.128 11.102 0.349 10.991 0.215 2.321 0.36 0.403 1.673 16.877 13.869 16.397 21.675 29.966 30.515 35.671 35.346 16.728 25.642 23.65 22.445 22.772 18.775 22.941 11.221 15.409 22.416 22.71 6.059 18.551 23.036 29.934
27.236 26.784 26.863 18.57 16.89 31.649 32.646 29.713 33.112 1.085 11.573 10.216 27.095 28.401 28.256 13.062 8.554 16.625 28.683 18.018 32.226 25.609 31.548 25.953 28.854 27.565 21.712 20.183 17.457 14.119 19.546 20.339 10.331 23.07 25.156 18.148 5.095 0.513 5.664 3.57 7.921 6.091 0.665 0 0.516 5.501 2.512 2.665 9.145 8.295 14.079 2.08 5.745 29.048 14.181 13.466 36.447 18.556 7.322 24.23 35.641 31.227 23.931 24.338 22.789 21.101 28.07 12.7 30.633 10.993 23.7 22.555 11.735 5.708 12.692 24.322 24.278
33.219 27.362 17.355 27.048 23.342 9.107 1.345 31.156 37.042 38.051 0.202 0 18.946 22.197 26.766 31.446 26.669 19.576 0.836 11.414 36.557 5.699 24.146 24.999 22.966 16.192 19.861 28.597 23.371 17.55 22.068 18.344 24.629 33.741 29.985 15.386 0 2.625 0.648 3.43 5.402 3.575 11.382 5.296 2.71 12.357 6.558 1.105 0 0 0.211 14.346 22.886 22.471 15.308 42.114 36.826 36.601 20.902 29.593 22.895 28.665 38.868 31.673 32.685 28.793 5.32 31.107 22.804 6.758 10.49 24.614 19.863 12.828 21.348 25.725 23.852
29.009 28.032 33.338 27.839 33.059 0 35.353 33.604 33.672 33.441 12.823 3.936 9.484 20.376 25.396 22.142 16.977 7.854 18.433 28.4 19.78 23.676 10.807 24.462 13.235 19.789 15.152 19.73 24.658 20.768 21.77 24.662 15.766 8.437 26.251 0.506 0 0.955 6.887 2.32 12.333 1.37 9.054 10.115 2.47 10.149 5.08 9.545 5.07 28.754 21.536 22.96 22.794 31.36 31.517 29.765 35.58 16.383 15.834 31.391 22.917 26.047 40.744 38.554 33.853 27.39 28.969 35.717 21.122 34.141 25.955 17.51 25.551 30.433 31.238 30.436 30.346
28.628 30.266 32.219 12.781 28.839 31.058 37.848 19.324 0 26.672 20.198 24.262 27.5 29.271 29.113 29.38 23.51 27.946 32.478 13.995 19.775 25.023 4.86 6.575 29.178 4.191 16.017 15.244 23.116 12.977 18.7 22.232 17.271 23.494 29.227 31.397 7.647 2.533 3.09 2.079 0.501 9.393 1.36 3.613 1.029 4.07 3.52 17.076 14.988 21.114 25.917 29.737 37.158 30.042 33.937 36.113 33.382 1.521 30.721 30.916 36.695 32.09 25.824 40.717 28.384 30.244 32.147 27.482 28.148 29.174 26.436 24.997 26.506 25.053 15.273 4.521 0.693
23.758 0 31.952 20.398 21.019 26.144 0.59 0.992 21.122 32.602 31.614 28.258 17.443 20.506 22.328 18.091 24.398 29.143 33.697 21.275 23.696 21.167 19.301 8.772 12.471 9.978 22.456 28.533 11.028 14.619 9.581 5.152 18.873 15.802 8.455 24.636 2.206 2.788 0.279 0.926 9.44 0.439 0 6.973 1.407 3.318 0.955 0.623 0 27.759 28.484 32.09 23.931 25.525 42.009 31.063 30.49 18.772 31.675 35.018 29.418 37.056 32.47 37.958 36.555 30.883 19.103 33.32 13.13 36.649 31.061 26.146 27.796 6.43 25.145 25.688 16.265
27.72 28.999 26.079 12.793 15.81 27.436 31.521 29.506 0.501 27.514 30.179 15.418 5.619 12.407 17.055 10.036 22.816 0.715 30.394 25.553 20.634 15.003 21.211 23.101 11.07 9.702 10.065 9.636 11.274 10.386 16.114 18.118 14.95 13.397 12.556 24.245 3.564 5.084 3.448 10.507 2.16 0.694 5.407 0.903 0 9.93 7.06 10.029 1.192 9.324 7.85 24.179 33.484 29.117 26.776 40.47 29.538 19.441 0.536 31.749 34.044 35.681 32.023 31.484 33.943 35.324 35.916 28.705 30.664 27.736 26.055 22.136 26.017 12.297 23.924 21.533 28.546
24.566 6.366 8.367 28.463 1.128 31.153 21.629 28.639 0 30.435 32.185 29.949 20.44 29.778 18.968 27.319 17.959 27.897 18.68 21.884 17.631 19.138 22.65 25.168 18.78 16.003 14.466 8.762 15.574 8.419 10.973 12.153 16.116 12.89 22.77 1.836 1.808 0.291 0.362 0 5.385 20.415 2.51 4.744 0 3.535 1.763 2.045 15.72 27.815 10.074 26.435 21.558 5.873 7.523 17.438 7.281 13.47 12.812 24.478 16.012 37.7 21.966 9.672 5.679 41.271 9.541 2.974 26.522 26.952 23.815 22.684 15.795 18.507 12.983 32.635 25.909
26.568 3.956 23.153 33.306 29.937 32.314 32.482 33.494 0.499 10.471 21.2 26.73 23.1 16.953 25.158 23.947 5.489 19.325 22.831 6.237 0.815 5.114 13.6 8.642 18.226 16.137 10.183 4.818 13.91 27.11 8.877 6.784 14.039 12.219 13.043 24.983 0.494 3.611 1.217 0.223 10.787 7.092 0.847 13.406 0.626 0.839 0 0.531 1.478 24.055 13.492 17.85 20.297 18.787 19.79 23.965 2.38 13.204 23.947 24.256 23.582 7.014 10.671 10.393 14.63 23.14 23.355 14.335 3.319 14.737 20.491 0.307 17.431 16.263 12.749 19.158 21.971
23.173 25.845 14.73 24.854 14.469 26.36 32.376 25.447 28.154 26.391 16.999 16.219 22.31 11.601 7.611 6.484 28.007 12.967 15.721 11.422 6.061 7.399 9.71 11.41 10.862 27.416 11.33 11.619 14.421 25.802 23.434 10.573 16.797 14.067 13.468 26.794 13.076 6.3 0 10.736 16.151 11.935 20.967 14.967 1.452 1.355 9.01 14.659 20.9 21.467 22.671 22.143 20.139 18.696 25.102 27.477 19.664 16.626 7.615 8.744 21.941 25.508 13.191 24.61 21.58 17.347 19.943 25.46 22.629 15.137 22.655 27.494 14.117 25.914 4.833 19.707 23.106
20.723 27.865 24.428 19.864 24.649 2.661 14.64 0 15.264 15.288 1.611 24.986 32.027 24.733 26.742 22.279 25.109 28.862 2.812 1.473 21.993 5.691 13.613 12.424 19.171 24.198 16.95 19.34 20.485 10.076 5.59 21.725 2.848 7.583 13.473 7.696 7.266 13.05 13.296 6.182 13.058 16.635 12.407 19.91 19.37 19.985 2.623 15.916 22.389 17.202 1.636 19.765 10.737 23.623 19.148 22.117 11.966 18.313 0 11.877 17.008 21.378 26.045 30.11 16.958 13.677 32.227 13.986 1.243 21.671 12.608 14.956 22.727 25.148 17.47 21.656 22.054
18.211 17.026 17.237 17.996 24.412 16.818 26.439 15.493 20.618 10.665 11.968 28.512 26.41 14.848 22.055 4.228 11.4 20.236 19.895 16.23 15.267 5.417 8.659 11.348 20.049 23.159 8.58 16.334 8.364 4.655 22.927 5.698 9.982 12.49 11.31 6.867 19.209 4.299 24.788 14.937 22.06 23.801 23.136 5.771 19.797 1.406 14.293 5.234 24.322 17.297 18.93 24.946 11.981 10.905 6.972 10.048 9.196 12.928 6.744 6.716 17.248 23.116 27.243 23.41 9.449 4.638 17.576 18.091 23.318 19.161 10.826 16.652 28.66 20.307 17.738 16.927 20.575
18.323 17.203 14.482 9.067 0.974 23.224 29.952 23.011 9.366 7.156 24.14 1.59 28.918 19.933 14.597 25.647 13.267 13.233 19.326 18.807 12.679 2.5 17.347 9.129 16.378 11.875 7.895 1.979 8.288 27.56 23.428 23.86 25.627 24.468 8.799 14.099 10.824 12.272 21.318 5.459 7.111 12.605 15.149 21.438 1.958 22.273 13.982 21.342 20.078 23.861 14.819 20.812 19.603 26.659 6.514 7.936 12.634 19.975 10.971 25.14 21.249 30.606 34.696 15.687 21.207 18.129 29.071 22.236 33.41 14.413 27.796 0.583 1.002 27.171 19.236 11.445 21.291
12.605 23.915 10.197 7.074 16.354 9.038 0.808 7.903 21.048 9.811 23.003 23.905 23.511 15.848 26.45 0.589 20.55 17.411 25.766 16.58 17.105 22.233 9.457 6.735 3.903 1.777 9.714 23.609 3.137 24.469 17.354 11.811 5.94 24.721 21.065 17.965 10.93 11.555 10.68 18.092 18.58 25.048 19.152 25.624 17.184 10.758 7.252 22.173 17.99 17.402 20.214 20.417 11.611 21.546 13.439 8.724 13.357 17.403 0.469 22.591 26.737 26.378 25.784 30.196 19.707 12.055 17.592 8.051 10.554 14.334 7.203 9.08 19.472 26.843 28.787 16.763 13.978
24.161 15.246 22.386 31.426 4.274 1.563 29.204 5.237 13.918 14.924 14.022 13.699 21.36 19.755 13.565 16.106 27.803 17.262 15.487 4.187 24.385 17.772 18.116 17.633 22.511 1.242 19.188 13.667 0.726 16.338 7.15 13.367 9.75 21.201 25.483 16.668 11.104 21.16 19.037 21.336 11.918 8.323 27.036 25.765 7.381 13.654 27.754 25.755 29.086 26.422 12.536 18.582 24.866 26.298 13.488 4.165 15.022 15.937 9.816 17.476 20.193 19.416 26.945 30.525 20.157 24.813 3.871 4.055 4.784 16.246 5.945 14.852 18.43 6.727 5.434 16.248 25.604
23.138 0.429 27.473 31.648 1.047 12.451 23.825 0.895 11.125 10.98 20.018 8.505 1.308 4.282 24.022 16.957 18.863 12.695 10.979 25.52 16.527 20.172 13.061 18.372 9.562 18.213 19.153 0.987 19.256 10.981 12.276 15.487 12.205 5.351 24.447 22.983 7.072 25.475 23.897 15.678 11.195 21.499 32.666 18.181 25.684 9.019 25.547 20.569 0 22.854 1.495 19.21 17.733 17.687 11.519 16.684 19.775 16.021 28.206 0.715 14.222 25.951 34.22 7.235 25.197 21.1 0.338 9.965 15.2 2.06 16.033 16.921 18.862 11.344 25.118 9.969 22.13
27.042 26.905 1.427 8.687 19.752 10.648 24.828 15.814 8.167 20.857 24.509 8.741 19.05 16.959 16.934 9.725 11.437 21.203 19.338 7.644 23.793 21.892 25.991 21.301 10.567 9.229 16.714 13.013 20.286 7.791 9.875 23.008 14.019 19.584 6.234 17.92 8.179 18.796 20.235 16.986 18.941 17.191 30.344 15.223 19.523 25.782 22.003 10.301 0 31.747 25.255 26.85 22.527 25.136 22.633 19.013 18.347 32.238 26.164 33.454 29.138 30.362 30.388 3.955 15.151 27.291 28.346 8.04 21.18 7.74 15.574 9.74 16.074 14.222 21.951 29.613 32.533
28.71 32.48 15.283 20.679 14.633 32.016 1.907 4.478 17.182 11.112 20.113 18.562 8.674 23.388 20.29 20.707 20.991 15.086 15.739 22.976 12.505 16.052 1.969 9.328 11.751 4.616 9.549 10.548 5.435 26.597 1.806 18.263 11.858 24.649 3.73 19.59 7.523 26.542 10.506 19.035 6.844 6.21 26.192 1.301 1.412 20.202 23.838 27.018 0 31.746 17.014 3.609 35.362 16.902 22.934 30.789 29.691 32.87 26.571 24.224 30.982 36.961 33.956 17.692 26.706 24.554 10.499 3.86 16.558 29.381 0.565 3.844 11.575 6.444 10.358 0.91 15.394
28.014 12.853 29.475 0.762 30.222 25.943 1.859 29.353 10.069 22.113 2.658 16.94 22.921 1.027 14.046 15.69 21.93 18.571 18.048 13.095 7.47 13.164 8.673 16.043 15.067 10.173 12.423 6.849 1.106 19.64 10.658 8.256 26.252 14.659 10.204 25.506 8.093 18.331 3.999 10.605 2.302 6.143 29.822 29.238 0 21.915 27.965 26.746 0 28.091 35.469 34.589 34.93 21.562 28.253 31.437 20.794 24.113 16.928 16.644 4.007 17.857 41.35 31.859 2.044 3.947 28.116 27.654 28.494 9.902 2.369 8.161 10.164 5.016 30.749 20.696 1.816
20.564 23.487 33.436 33.869 28.44 27.665 13.486 28.09 7.274 15.381 15.664 5.975 25.678 19.636 10.696 12.327 13.185 22.694 9.33 15.622 16.722 21.409 14.882 4.634 11.559 15.129 14.492 11.615 14.59 19.666 14.28 19.211 15.637 22.21 27.52 26.147 26.383 8.251 9.758 7.525 21.079 21.326 32.819 33.534 30.175 25.453 7.189 2.864 14.408 26.474 11.754 21.766 24.173 27.529 25.18 18.056 31.917 15.305 36.932 16.557 25.947 18.934 20.424 29.111 33.502 3.854 6.22 10.934 14.169 1.852 11.697 31.802 35.982 31.456 6.119 18.887 28.609
32.207 12.158 30.137 30.35 1.277 31.119 32.139 37.028 20.934 13.075 16.582 11.031 21.1 14.592 14.087 13.697 22.766 7.796 19.689 28.962 20.4 23.816 11.017 11.939 8.115 13.508 17.403 6.047 7.883 19.037 5.075 4.721 25.768 5.904 26.038 21.742 24.51 16.227 18.454 1.795 21.743 17.061 23.716 17.22 1.742 23.752 5.928 0.255 6.705 24.451 31.481 36.282 29.819 10.309 24.778 0.501 29.047 26.672 13.932 28.701 33.904 5.371 41.812 33.565 5.69 1.895 29.798 11.306 29.599 4.308 7.901 27.793 7.006 20.706 11.267 0.926 10.172
20.727 32.915 31.564 32.69 29.649 32.052 6.032 35.016 7.299 14.024 32.427 15.48 18.484 24.191 24.715 9.026 7.449 22.336 17.186 19.795 16.278 8.631 16.577 21.049 0.545 1.879 21.094 13.464 20.297 3.858 15.581 6.787 8.83 4.879 17.387 16.632 18.464 3.645 11.191 10.813 20.542 10.777 13.95 25.954 20.565 16.797 0.237 1.265 0 26.433 21.528 28.879 36.2 36.515 32.645 22.197 18.555 31.446 24.8 19.865 11.644 21.179 37.962 20.699 1.608 32.119 31.657 24.639 29.816 28.386 21.968 13.478 24.998 27.109 19.222 28.729 1.714
30.224 26.017 32.313 18.453 32.625 9.565 19.377 28.356 17.493 16.004 27.912 18.036 9.819 6.19 23.864 14.971 17.596 5.65 21.437 18.07 21.381 7.425 9.511 2.023 15.147 26.358 29.718 23.813 0.891 23.956 16.25 18.533 13.692 19.634 5.358 16.957 13.009 27.698 21.351 13.849 0.232 2.742 23.224 0.893 24.47 0.248 1.428 3.866 18.208 1.127 27.397 32.621 26.435 32.513 21.009 31.951 12.397 29.558 30.018 15.138 29.488 30.337 35.284 11.315 27.953 31.519 28.369 27.811 15.198 6.528 25.613 25.416 27.759 3.485 23.327 20.401 27.521
30.811 21.538 33.535 16.056 41.283 26.927 24.302 25.668 27.207 31.734 27.42 17.529 24.336 19.627 20.226 25.105 7.826 23.677 23.31 17.767 12.663 23.609 18.78 9.84 18.886 8.21 24.154 2.962 26.269 22.309 20.978 7.918 8.027 6.95 7.911 16.654 6.397 23.943 6.89 18.101 22.166 21.234 23.574 23.522 7.885 2.589 0 1.157 20.116 16.3 28.518 11.145 30.969 28.25 15.328 32.905 27.222 32.985 24.662 26.83 38.453 27.393 17.496 26.211 33.893 30.188 23.297 27.012 27.748 30.45 1.444 0.716 20.841 29.228 27.221 20.277 17.423
20.857 21.754 1.293 2.513 12.707 37.243 17.306 34.485 22.056 27.81 7.258 28.325 4.354 23.327 4.35 21.485 11.45 20.486 11.999 7.339 13.923 17.159 5.403 24.396 3.127 27.833 7.632 15.902 0.385 1.023 0.422 16.808 19.844 12.66 9.368 23.095 7.442 8.302 27.67 21.328 3.66 25.763 17.447 18.791 5.526 3.125 0.452 1.038 0 29.61 21.97 26.099 16.395 19.803 33.826 27.162 25.552 35.077 17.187 29.526 37.643 30.63 29.844 28.514 1.275 23.421 22.861 1.36 27.214 19.093 31.829 1.554 28.324 30.52 24.596 12.876 1.529
6.778 3.981 27.836 28.432 1.11 4.436 10.244 30.575 22.304 27.064 24.226 25.891 12.368 16.249 6.747 0.557 11.159 17.451 20.135 24.212 16.898 19.032 22.348 22.488 1.454 8.457 22.276 22.166 18.95 25.138 26.221 13.426 25.222 5.201 8.62 21.966 27.068 11.834 8.73 17.724 12.411 5.398 11.787 16.03 0.295 2.865 3.239 3.193 18.271 27.002 27.918 26.327 28.076 35.467 30.823 25.998 32.186 33.523 14.664 2.608 30.168 29.097 28.222 29.955 17.841 11.278 22.177 10.678 1.87 27.28 15.765 26.378 18.034 19.19 19.042 0.736 25.751
30.532 11.401 10.658 19.361 7.707 34.193 39.068 41.111 25.509 24.653 29.025 20.449 14.72 5.604 16.139 13.917 21.327 18.144 16.584 14.488 23.181 12.53 8.638 7.29 2.511 18.321 5.992 21.346 17.452 2.653 2.483 21.778 4.278 7.045 19.185 21.918 25.239 11.016 14.159 13.111 7.756 15.806 22.328 19.695 0 3.879 0 2.077 19.389 28.652 2.502 10.988 30.574 8.077 34.559 12.249 20.817 30.548 25.496 26.684 21.032 27.008 28.401 22.635 26.406 29.05 28.278 1.052 15.455 39.633 4.106 4.702 10.277 16.564 24.439 23.911 0.766
