heights.asc
ncols         1040
nrows         514
xllcorner     497943.03125
yllcorner     5178296
cellsize      30
NODATA_value  -9999
[rows 238 to 271 of 514, columns 231 to 307 of 1040]
24.478 17.504 0.447 4.917 11.558 3.838 17.891 36.529 21.636 0 28.238 29.025 21.428 15.142 19.502 24.339 21.334 16.713 21.319 17.059 4.809 19.706 25.075 24.584 38.107 24.972 29.185 31.249 31.632 27.69 31.536 34.964 27.132 16.687 28.006 15.011 26.736 30.38 18.685 25.57 14.66 18.567 27.219 34.297 34.073 30.966 29.774 30.103 21.032 21.719 34.882 21.292 21.569 23.317 26.041 38.813 13.511 32.331 34.651 35.635 30.68 22.111 19.085 14.575 24.124 11.899 23.853 23.055 14.528 35.383 32.124 35.448 23.677 33.399 42.118 27.893 23.466
30.066 30.848 27.04 32.385 32.578 27.987 22.424 25.053 25.399 4.115 23.702 4.028 31.799 31.879 3.047 35.214 8.137 20.886 17.285 13.373 13.901 17.531 36.625 40.439 25.508 29.691 16.984 31.772 24.459 24.362 14.337 21.819 17.525 17.716 24.342 30.511 36.064 29.858 24.982 26.399 23.424 23.383 27.276 27.646 24.695 32.606 25.188 31.355 30.359 31.147 29.456 34.89 25.853 11.754 16.407 12.005 26.836 30.827 31.431 29.855 27.916 22.298 15.941 4.019 29.081 11.73 24.315 30.823 24.73 32.512 29.21 25.086 32.027 26.376 28.376 33.509 29.889
20.056 32.238 19.133 32.672 16.951 27.532 27.594 28.948 23.4 27.664 19.166 0.265 24.721 29.154 21.495 32.547 14.522 4.764 19.167 16.667 13.948 4.96 24.513 34.956 23.801 34.785 33.349 33.483 30.101 32.296 39.722 40.101 7.059 4.665 24.188 29.464 28.193 30.057 25.085 22.828 24.145 20.145 24.633 28.656 10.235 20.916 6.395 19.39 23.967 25.891 22.38 21.735 13.61 0 30.466 16.23 44.085 20.875 28.085 32.814 26.236 31.518 23.197 18.28 25.676 12.653 11.909 29.339 35.196 33.752 32.115 34.627 39.497 26.548 17.999 31.325 28.722
24.603 20.653 24.171 28.899 11.135 37.531 25.747 28.996 24.385 24.217 24.43 4.294 1.162 26.534 22.574 16.788 27.304 3.355 19.291 20.692 3.329 8.295 28.928 24.784 29.299 24.854 20.947 17.541 34.847 25.854 32.027 16.827 25.869 13.584 9.166 23.461 26.295 18.199 23.139 24.989 13.659 22.051 19.528 18.791 19.803 0.894 15.078 8.984 0 18.54 25.609 8.197 28.129 13.13 17.25 40.345 29.025 22.678 25.053 24.845 31.315 25.803 31.658 19.773 15.038 28.565 27.567 26.972 32.765 40.509 26.678 10.926 24.289 30.291 21.081 24.152 28.298
30.854 22.71 20.494 29.78 34.693 12.465 21.635 24.533 15.809 20.369 28.357 8.876 20.21 2.172 24.533 26.057 21.308 20.429 22.715 25.896 1.891 25.776 15.508 18.397 25.067 26.012 25.805 32.071 29.826 29.819 35.48 21.789 29.995 23.023 23.966 26.224 15.426 21.916 15.37 26.266 18.72 20.769 19.262 4.668 24.721 25.211 12.957 18.364 25.216 24.476 30.379 36.431 24.83 43.977 10.829 30.214 27.978 19.748 18.47 10.232 26.524 27.745 23.948 26.623 20.277 21.048 28.411 30.705 35.897 25.473 29.017 28.849 24.771 31.138 32.262 25.656 24.024
22.801 27.199 27.658 16.997 29.122 37.597 3.34 17.31 22.518 25.761 24.991 26.246 29.867 15.627 21.643 0.245 21.748 10.003 17.65 21.843 23.759 25.348 25.885 0.781 33.622 16.316 21.703 33.118 31.305 36.154 33.014 29.884 22.513 21.788 22.254 18.542 25.473 18.811 19.378 24.768 18.489 31.801 28.45 18.381 15.585 22.278 23.531 27.615 22.445 14.872 29.836 18.556 24.043 16.881 35.464 40.785 22.524 27.6 20.814 21.177 15.645 25.713 21.281 5.153 27.366 7.951 29.351 34.481 37.684 31.273 25.69 25.273 15.372 27.19 30.301 22.703 37.093
31.689 26.712 25.68 2.093 36.985 29.07 28.043 34.305 24.183 0.515 13.811 7.407 1.456 14.516 8.994 30.584 7.288 21.866 14.83 11.847 10.014 25.739 29.58 24.217 28.458 39.561 31.625 27.588 34.433 28.133 31.428 21.425 17.52 20.2 11.406 19.861 18.258 18.261 18.486 17.289 9.76 13.41 22.587 33.893 17.848 31.517 17.142 22.677 33.522 16.439 12.984 29.965 41.49 35.458 38.273 36.62 40.16 27.399 2.983 26.517 17.639 16.423 24.337 16.43 15.706 24.12 20.856 14.949 38.099 27.305 20.713 12.131 22.089 36.422 15.507 15.272 16.012
25.722 26.448 24.363 14.053 24.528 29.66 28.59 29.829 23.188 20.771 0 14.591 19.502 3.365 3.505 8.09 4.336 25.487 9.333 17.376 11.565 27.558 28.663 28.376 28.81 25.368 32.696 32.226 30.998 25.002 21.039 24.232 14.226 26.632 9.467 19.209 20.694 18.462 13.68 21.938 14.448 14.151 17.133 21.127 3.601 19.144 33.009 28.116 31.22 14.212 4.364 28.881 24.141 35.193 33.213 25.161 33.364 20.949 23.974 28.743 18.856 26.349 20.117 20.125 14.849 24.018 24.562 17.623 26.264 13.179 31.102 20.557 24.534 16.18 26.841 22.887 21.191
4.217 16.845 22.984 27.386 43.913 27.425 0.659 0.65 17.089 22.896 8.301 17.112 19.562 31.21 3.541 16.844 14.713 22.877 9.222 8.072 21.849 30.304 24.164 26.037 31.808 23.438 22.661 20.181 34.265 21.814 22.846 15.303 12.85 7.855 29.538 13.399 17.359 16.762 23.743 12.503 21.762 11.504 9.512 18.607 22.614 34.775 19.705 31.35 35.606 33.498 21.662 33.919 5.716 8.151 14.008 16.308 15.623 22.017 15.733 14.042 21.591 17.005 21.328 18.872 9.079 9.28 24.38 28.846 27.556 26.392 23.241 24.189 23.139 13.865 27.444 28.626 12.502
22.908 8.343 28.443 30.187 33.24 10.607 22.785 6.619 21.291 23.244 17.858 24.529 26.461 25.998 29.495 30.179 7.622 0.77 22.114 14.41 18.125 18.731 35.393 23.224 36.206 30.662 30.617 26.111 20.506 11.701 6.178 15.285 20.445 14.749 11.677 24.399 22.809 24.55 14.029 20.375 25.226 20.466 17.657 17.121 20.466 21.407 27.298 31.268 33.414 28.83 20.531 24.528 7.42 17.021 17.866 27.605 29.023 34.493 23.262 12.054 21.063 27.142 20.787 24.856 19.615 24.636 18.265 28.458 19.783 21.705 17.273 17.782 21.66 18.733 26.362 2.299 22.711
13.215 14.49 20.083 18.268 28.726 20.793 0.461 16.423 22.288 28.16 14.294 12.796 24.13 31.6 18.667 16.857 21.102 2.336 17.142 29.185 20.222 19.237 27.005 19.198 23.756 18.071 18.015 14.071 7.61 11.248 6.521 2.001 8.199 7.991 14.776 21.848 23.809 17.407 13.514 28.547 25.903 17.787 21.342 16.337 23.983 30.213 34.891 24.862 25.471 22.557 30.285 4.899 24.238 16.727 16.899 23.504 2.396 27.827 27.16 27.063 30.315 21.066 14.763 18.163 0 32.16 24.401 22.969 1.447 16.625 21.163 11.111 12.91 19.429 12.043 30.974 26.861
0.25 2.801 18.519 13.524 19.436 28.669 21.273 21.937 22.715 30.896 13.9 23.076 31.153 16.811 20.935 36.17 14.668 10.162 26.256 29.546 13.185 18.592 13.561 24.574 20.024 14.331 17.048 19.847 9.587 14.629 8.232 12.307 14.2 10.907 1.902 18.753 18.978 21.575 15.672 13.316 22.342 29.735 29.822 18.669 30.581 20.806 31.44 19.252 19.975 21.469 39.425 14.368 24.487 29.453 13.36 26.404 25.525 39.974 31.157 30.098 29.79 14.814 20.277 13.628 6.932 27.838 8.406 26.457 17.604 13.446 16.714 6.796 18.23 24.062 26.991 32.258 24.496
21.791 24.158 3.419 21.51 31.478 21.159 22.897 23.936 27.667 28.254 19.516 29.382 24.557 10.625 32.497 24.626 2.988 23.182 20.55 14.699 1.203 16.188 21.053 29.088 7.83 17.283 22.312 16.055 23.602 20.32 6.668 19.746 16.668 3.371 11.992 17.11 17.332 14.798 20.925 21.105 22.84 27.68 27.417 26.517 17.676 35.106 19.201 27.619 21.749 22.029 26.523 23.497 22.173 22.456 16.778 16.1 26.118 26.532 35.122 35.515 20.647 23.533 24.724 21.13 15.673 29.266 31.384 28.725 21.813 18.031 23.318 28.386 19.253 16.993 20.365 18.444 15.963
26.864 12.626 0.439 22.779 15.362 28.404 27.21 0.678 18.574 14.867 23.763 19.747 27.502 23.278 26.539 19.952 18.65 23.431 27.692 29.439 22.628 26.739 2.004 13.369 18.71 14.764 11.307 18.621 16.097 15.197 14.357 18.08 10.189 9.485 2.712 11.307 3.631 29.22 30.053 17.55 7.327 16.164 24.107 25.478 14.474 23.834 14.075 8.722 15.25 27.954 32.752 35.856 28.857 24.058 17.769 3.078 20.35 20.598 25.72 31.845 20.226 16.86 4.086 10.207 19.996 25.457 22.281 23.598 31.651 30.293 16.397 19.202 18.309 20.625 22.472 20.323 5.748
28.056 17.666 16.993 20.228 6.053 12.715 22.773 14.397 24.013 18.488 14.86 19.218 25.365 0.948 0.437 20.857 20.007 0.785 14.447 13.287 15.057 28.103 15.43 13.539 19.699 28.44 19.637 27.378 27.79 31.372 34.631 29.343 17.859 24.992 32.598 37.457 26.302 34.936 39.099 22.316 23.2 35.865 15.541 7.626 38.955 22.702 27.632 19.144 18.117 26.446 34.906 35.985 23.332 22.602 11.412 3.484 26.402 26.099 14.815 22.603 38.666 35.522 12.981 16.787 23.837 25.833 21.401 25.422 28.061 26.172 15.46 5.681 13.635 22.47 24.311 16.923 2.493
16.28 22.676 20.353 8.05 33.402 27.186 26.092 21.722 29.351 19.202 29.292 23.063 13.787 22.614 23.026 4.774 0 24.042 10.815 7.557 10.126 19.498 29.753 32.749 28.25 27.214 16.932 22.079 28.251 31.45 27.315 32.077 31.438 32.189 36.19 38.188 34.842 16.23 20.224 22.764 28.797 38.307 40.106 25.483 17.92 11.725 19.503 25.015 25.699 25.398 38.951 45.583 41.111 43.108 26.276 14.52 19.774 13.266 24.97 24.594 14.581 25.239 6.99 18.366 5.923 8.447 23.991 25.509 21.317 12.762 12.65 7.627 8.707 20.505 26.909 17.953 20.036
15.118 0 15.405 32.41 0 26.96 23.486 21.025 29.051 35.38 28.527 17.178 20.511 26.448 6.651 19.998 17.633 13.208 21.664 26.907 31.808 32.728 37.302 21.583 23.14 27.913 26.917 29.499 28.907 29.49 35.787 19.985 30.277 34.44 24.159 40.08 29.505 9.667 33.818 30.877 6.022 30.267 36.881 43.835 31.336 31.778 27.275 19.93 22.825 28.524 34.96 18.914 27.547 31.913 22.714 21.57 34.564 18.875 18.956 14.431 14.515 10.569 20.775 21.305 14.646 9.296 20.14 22.861 22.675 26.853 25.405 28.125 23.934 31.017 20.319 19.827 14.818
20.581 36.273 33.423 32.476 22.754 25.322 30.029 13.688 1.086 11.555 2.866 16.81 17.778 18.905 17.431 32.025 19.2 33.31 21.138 25.438 23.811 18.817 21.807 26.228 28.985 18.46 25.281 32.237 32.664 11.981 32.455 18.99 35.089 29.049 35.256 25.886 15.216 11.921 25.593 15.206 24.255 20.319 29.421 26.254 30.846 17.54 18.034 23.256 19.189 32.387 34.971 26.409 19.4 28.314 22.566 30.32 22.549 23.681 14.804 27.214 28.752 28.181 19.537 21.722 21.314 23.33 16.159 17.099 20.096 16.561 17.894 15.164 13.411 3.062 16.564 14.211 17.064
24.996 23.047 21.196 23.667 31.739 15.99 16.417 20.409 28.066 21.865 8.821 18.976 31.736 22.298 21.858 23.098 23.127 17.099 19.654 28.932 30.563 22.803 30.685 28.599 10.536 23.013 19.099 28.168 12.839 27.259 4.804 11.554 33.735 26.702 24.024 28.29 22.289 14.006 2.119 29.387 33.657 39.545 26.587 34.721 37.583 26.578 19.435 13.898 23.548 23.521 31.923 29.226 14.473 22.481 28.161 30.154 32.217 29.489 22.909 21.75 21.864 28.192 34.409 30.589 21.219 11.728 21.85 19.512 26.448 23.515 25.195 10.254 12.532 18.765 16.188 6.026 15.289
22.938 28.883 29.822 18.53 28.223 25.138 25.25 16.258 28.894 22.693 24.44 11.663 32.163 24.665 20.261 26.985 26.082 30.863 25.616 28.542 32.71 25.668 24.63 21.009 21.047 17.345 29.831 13.844 24.811 20.819 28.519 31.052 28.129 18.812 29.465 5.259 4.717 13.373 17.807 34.521 38.667 35.741 38.327 32.457 25.945 31.876 20.843 23.597 3.03 22.353 25.651 19.585 17.701 29.268 17.305 27.849 24.497 27.656 23.678 11.937 24.725 23.513 19.683 33.511 31.149 24.197 19.081 16.016 19.029 19.479 23.365 11.138 12.224 9.881 10.525 19.427 22.135
22.294 25.936 32.404 30.896 3.776 10.852 15.18 14.359 31.621 0.872 24.721 31.785 13.668 19.737 30.93 2.214 12.659 9.9 4.17 0.799 27.9 21.033 19.701 25.156 17.268 20.769 9.101 32.281 31.74 30.84 30.133 31.593 32.996 39.27 33.166 18.966 24.484 16.9 25.343 39.48 30.383 18.037 14.963 24.648 20.676 9.577 15.479 22.728 6.397 18.72 18.889 26.516 30.695 25.928 19.375 21.785 30.711 32.002 21.794 24.529 21.177 18.794 25.351 24.217 21.395 22.311 21.242 21.69 15.606 18.65 26.413 19.08 29.058 24.799 23.438 16.785 28.338
21.26 22.321 23.335 31.577 23.619 19.793 21.029 20.192 23.65 29.507 22.873 4.905 23.975 19.07 24.428 35.865 34.54 30.05 27.393 17.183 20.67 31.52 25.676 23.642 11.855 15.188 33.041 27.334 27.02 32.262 26.166 25.147 29.68 29.353 30.63 13.575 18.982 30.375 18.031 42.165 24.578 25.273 19.579 15.477 21.281 20.956 26.492 6.726 26.683 28.342 17.395 7.794 23.507 25.014 24.793 21.056 26.959 24.766 20.392 19.124 16.903 29.457 15.19 23.415 25.967 14.973 21.673 18.257 22.298 24.475 27.822 33.026 22.904 18.319 28.348 27.647 23.676
21.377 28.335 30.585 35.752 29.557 13.79 30.36 17.265 31.448 3.616 20.783 19.285 24.524 10.263 27.275 22.506 9.315 19.676 18.622 24.742 23.899 29.662 24.736 30.305 19.534 20.313 28.101 22.644 23.056 27.362 22.893 25.771 23.268 22.984 9.975 22.829 19.647 26.306 26.236 26.104 28.307 20.779 23.932 25.677 24.834 30.298 21.032 29.827 17.928 18.516 30.787 18.121 24.299 21.1 24.319 23.497 14.699 38.134 20.744 20.992 15.372 25.627 27.793 27.289 29.406 22.209 21.005 24.368 25.074 28.441 35.183 12.54 27.791 21.127 21.81 16.705 25.852
26.353 27.86 20.787 24.207 12.189 26.182 24.882 24.959 0 0 10.123 29.885 2.672 36.208 35.514 28.957 5.99 23.25 23.872 30.631 23.543 10.197 23.895 28.699 31.782 31.405 22.022 28.3 24.4 30.221 26.506 9.318 29.506 2.055 11.782 16.738 24.599 24.233 34.593 31.44 20.773 6.623 10.809 10.261 2.353 25.33 14.888 26.976 20.89 25.92 15.262 24.091 22.133 19.507 21.833 20.339 33.21 22.14 10.488 20.908 21.554 22.418 23.023 26.688 22.026 22.206 18.058 14.872 35.813 18.31 25.589 27.285 20.54 21.776 21.553 28.153 22.266
20.81 36.531 19.916 18.46 31.814 20.013 10.565 21.299 10.313 22.414 39.165 21.912 20.105 32.027 27.568 21.857 25.126 19.672 26.999 22.865 14.744 17.245 10.892 34.606 25.039 20.454 28.881 33.359 20.375 27.538 23.516 11.988 2.042 23.283 14.121 24.079 28.583 25.001 36.054 29.162 23.984 23.021 8.229 6.045 17.384 17.747 24.283 33.432 20.478 13.627 19.404 17.852 20.179 19.187 26.662 21.639 25.878 22.417 30.775 22.553 26.149 26.305 23.299 17.101 27.43 34.765 17.77 29.723 23.519 18.738 21.826 15.344 34.403 23.97 17.884 12.322 21.535
22.6 23.309 24.523 15.96 30.597 33.216 4.093 24.533 21.059 4.617 27.086 27.137 24.215 30.877 21.724 17.034 22.71 33.951 34.398 32.667 23.887 31.951 23.334 29.318 19.665 3.013 29.519 34.348 20.326 28.405 28.091 11.254 31.059 3.655 20.326 3.609 19.099 33.092 29.035 40.203 32.219 19.254 29.01 5.05 6.042 16.472 33.429 26.386 27.588 22.414 16.498 18.954 15.545 18.724 20.345 7.68 13.512 21.899 26.684 31.973 17.813 26.783 14.453 11.85 31.681 21.381 18.933 19.413 19.852 28.824 18.332 14.286 20.529 27.325 26.214 17.535 28.381
20.024 24.949 34.033 39.146 27.415 25.93 26.69 29.078 20.027 23.073 26.907 24.103 30.098 28.485 30.545 30.643 23.951 30.406 6.762 17.684 26.414 26.242 31.164 29.096 37.309 11.287 34.214 25.145 25.648 31.58 23.849 18.202 32.583 22.221 33.948 7.205 29.395 25.335 35.533 24.155 29.849 19.939 8.191 7.152 26.077 30.108 12.149 23.053 34.874 22.561 2.961 28.379 30.54 18.96 26.811 21.931 21.536 19.307 15.197 15.38 28.433 30.293 19.106 28.581 18.366 18.984 24.668 20.148 6.999 30.39 31.253 22.945 21.501 27.438 27.327 31.045 17.55
22.99 24.846 36.228 31.379 21.986 34.906 22.208 28.662 20.704 22.981 32.752 29.756 29.584 35.665 32.468 0.575 33.642 34.636 31.335 25.406 18.495 19.009 21.871 30.501 30.223 18.209 26.601 16.805 30.849 29.767 17.34 31.669 7.004 34.769 35.491 29.066 25.329 17.072 27.753 28.223 18.352 21.334 19.938 11.742 13.845 33.282 29.294 25.328 25.759 28.497 2.784 21.51 26.127 17.555 14.503 26.409 20.775 19.121 23.53 24.407 14.852 24.123 28.622 15.617 17.911 14.503 22.302 21.13 24.879 10.418 25.786 25.997 27.222 4.476 25.769 24.701 24.378
16.599 34.737 29.022 24.291 39.02 29.288 23.547 25.93 32.982 29.134 21.761 15.329 25.33 12.561 28.455 0 9.468 32.197 20.191 22.658 23.282 13.449 26.866 29.596 21.019 23.142 14.904 18.26 22.776 19.576 28.401 25.832 33.745 21.581 14.253 26.97 26.955 8.39 18.223 24.714 37.087 29.183 17.478 3.936 18.86 29.141 26.512 25.15 20.228 31.384 18.625 39.767 17.759 22.086 16.355 19.489 20.039 18.242 18.19 13.646 11.27 27.096 28.048 11.753 17.236 30.042 23.745 20.993 5.569 21.524 19.171 17.389 17.927 22.955 20.22 25.372 19.295
22.209 31.859 40.039 23.236 32.442 35.212 40.466 30.285 21.498 22.94 23.322 29.945 26.929 22.605 30.124 25.308 27.19 3.973 23.631 19.074 21.166 24.551 14.704 29.043 17.229 15.208 23.913 22.331 17.778 18.191 7.359 26.034 20.156 15.557 34.307 41.64 19.833 33.616 12.301 34.617 27.793 21.671 12.689 23.68 10.867 25.597 42.903 25.577 31.517 23.904 25.848 30.159 5.114 11.637 18.875 19.729 15.497 15.505 10.958 22.935 29.139 14.831 21.323 12.71 22.316 20.127 32.13 18.769 32.715 23.544 6.559 24.703 10.187 18.051 11.457 20.687 20.304
21.097 43.113 24.088 29.848 27.995 28.579 40.31 27.565 32.7 31.893 34.231 19.891 30.85 33.506 14.54 29.473 6.281 21.304 11.287 14.629 20.065 14.579 14.739 9.889 21.91 20.041 12.531 18.258 23.885 9.147 12.359 22.599 24.747 22.241 14.121 28.966 19.889 29.833 36.674 31.21 20.48 22.444 14.721 14.07 25.277 18.803 20.959 30.599 25.662 17.142 30.373 16.792 20.717 13.768 17.628 17.214 26.59 6.249 9.257 21.637 19.302 30.15 32.551 21.584 20.566 25.217 22.756 23.069 17.356 22.376 30.651 27.928 4.964 14.476 23.108 23.635 7.608
29.985 28.971 21.532 25.551 24.948 25.76 18.251 20.449 31.998 32.082 21.234 25.334 22.243 28.246 32.05 16.297 21.754 16.706 17.894 20.412 16.059 27.151 12.702 24.826 11.175 9.864 30.807 23.758 19.378 21.427 22.589 16.527 23.768 23.108 24.299 14.105 20.759 4.498 15.731 20.281 29.69 30.274 25.002 23.927 25.713 12.625 27.265 10.296 19.149 9.95 24.203 21.903 14.718 24.603 17.618 16.384 13.741 16.947 27.076 12.274 27.09 19.017 23.468 22.058 23.599 5.078 21.902 28.582 21.669 14.336 19.475 24.786 29.575 9.486 26.161 29.933 30.654
29.586 27.98 24.79 20.373 25.241 30.149 29.865 20.821 30.505 29.654 31.636 25.6 16.686 32.042 21.837 9.115 20.536 14.285 17.974 17.074 16.429 19.709 33.095 15.588 23.88 13.225 18.731 10.201 0.329 41.913 23.028 21.687 6.922 19.359 25.788 3.806 25.518 26.708 12.895 24.571 23.742 21.536 15.565 17.662 19.72 20.535 24.331 16.556 25.592 26.659 29.218 28.288 22.369 17.124 17.336 12.515 30.188 21.347 25.031 6.827 33.93 22.463 27.376 20.767 30.666 24.052 23.898 14.378 18.41 14.269 36.601 10.083 20.221 28.257 27.104 18.378 25.298
30.702 28.797 25.484 27.258 18.368 26.61 34.657 0 21.086 23.702 29.144 25.688 23 12.779 21.696 18.54 9.078 24.104 23.36 24.032 18.53 23.292 36.47 28.436 33.445 16.042 14.383 15.609 8.272 22.22 22.786 28.985 23.093 2.51 30.45 30.349 36.468 25.452 14.676 12.706 27.37 20.743 19.494 25.314 22.246 15.531 27.43 22.377 28.431 33.348 30.383 15.032 19.899 22.652 21.587 13.238 22.113 30.636 30.486 24.981 23.971 29.685 24.63 27.096 17.25 33.443 30.998 25.639 24.713 31.955 13.269 19.552 26.747 19.988 23.313 18.49 13.754
