heights.asc
ncols         1040
nrows         514
xllcorner     497943.03125
yllcorner     5178296
cellsize      30
NODATA_value  -9999
[rows 170 to 203 of 514, columns 539 to 615 of 1040]
16.895 0.215 0 0.384 12.419 3.841 9.727 11.332 14.433 0.25 3.664 13.835 15.509 16.363 21.244 1.729 20.681 14.734 11.974 15.505 0 0 8.415 23.057 15.925 13.743 11.105 0 7.217 0.508 1.015 10.778 0 0.295 11.887 11.689 0 15.364 0.888 16.511 0 12.985 14.741 19.905 10.073 19.555 10.215 26.107 24.623 26.535 31.543 34.406 23.577 26.287 29.587 32.895 25.191 27.067 5.729 31.166 1.589 0.22 7.031 10.766 23.921 20.125 5.04 0.569 26.908 0 1.238 12.857 0.249 39.58 0.25 0.239 1.767
13.449 9.214 0.34 17.828 20.788 4.009 0.224 10.198 13.41 0 11.41 10.584 8.42 16.57 22.836 10.091 9.738 11.541 16.452 24.325 0 14.072 6.084 7.403 8.488 7.508 23.016 0.436 0 1.379 4.498 20.93 0.23 12.374 14.681 16.454 0 0 0.601 7.259 0.223 0 12.167 11.625 18.5 23.238 18.625 25.426 25.463 26.833 0 23.4 25.871 30.874 21.042 26.777 24.27 23.133 37.642 34.988 5.435 10.724 13.409 0.323 24.392 0 0.255 30.231 36.089 0.498 0 13.417 23.711 9.92 6.72 0.235 0.233
1.209 12.951 9.405 7.62 6.19 0 0 0.241 2.999 0 0 16.074 0.249 8.828 7.461 13.026 5.963 16.575 18.729 13.528 5.467 0 5.48 6.817 3.132 5.776 0 0.393 0.648 0 0 7.585 21.155 0 0 5.004 0 5.526 0 0.381 0.481 0 0.587 0 0.249 0 24.471 21.807 19.094 24.286 18.866 31 22.771 21.782 28.553 17.431 36.958 25.144 35.295 7.585 16.363 35.292 32.308 9.142 26.985 22.776 33.568 16.232 17.424 27.183 20.777 25.279 27.619 24.893 34.571 23.789 24.537
20.591 0.81 15.9 18.783 0 0 14.944 9.227 3.778 17.922 12.591 6.011 8.512 17.948 2.412 0 18.322 27.912 17.886 3.33 10.492 10.699 0 15.506 0 0 23.33 0.219 0 0 0 0 7.824 0 0 0 0 3.528 2.177 18.898 0 0 0 0 3.668 16.338 22.095 26.307 25.987 18.081 17.868 21.398 25.447 20.5 26.615 31.148 25.726 21.981 24.552 24.004 25.286 26.688 25.238 24.332 27.205 29.829 26.162 23.377 25.555 30.7 27.327 27.613 22.983 28.097 3.177 26.917 17.074
0 0.376 12.174 0.271 18.242 18.71 10.225 18.905 19.55 21.858 19.326 10.6 18.387 11.765 18.15 5.749 8.011 9.516 14.357 14.482 7.408 0 0 14.387 6.539 0 0 0 10.854 5.469 0 0 22.377 0 0 0 0 12.314 0 4.81 6.5 0 22.196 0 4.893 10.754 29.169 32.01 32.832 21.857 21.917 27.992 24.244 17.866 23.288 28.875 23.937 20.59 19.085 24.197 26.249 20.505 25.13 23.008 23.741 23.48 18.519 22.692 22.85 25.214 27.233 20.71 31.078 23.796 24.436 8.109 21.09
0.205 2.544 12.948 14.648 13.102 11.424 5.858 6.113 0 0 1.408 4.719 16.27 17.643 8.845 8.913 6.402 17.896 18.206 20.806 0 0 25.86 0 0 3.123 13.279 15.617 0.224 0 10.609 21.108 18.573 0 0 0 0 0 0 22.603 0 4.306 0 1.602 9.289 24.458 28.268 29.372 26.914 26.467 29.329 28.063 23.837 22.513 27.906 27.394 30.109 28.961 26.766 23.801 22.964 20.176 28.795 23.149 20.761 13.105 15.814 23.795 19.674 21.935 26.063 19.777 26.444 27.782 23.991 1.438 0.295
9.548 4.223 8.399 8.713 18.614 17.162 7.415 15.161 6.227 6.626 12.74 18.991 1.634 19.924 24.539 7.747 14.568 22.958 8.789 5.578 14.1 3.796 3.863 0 8.392 7.837 0.501 0 0 0 23.033 7.163 0 0 0 4.525 1.844 5.881 0 5.942 0 5.472 0 0 21.589 19.783 29.637 24.1 17.369 22.836 25.262 32.676 30.53 31.137 23.105 22.398 25.016 24.469 25.374 27.896 22.648 3.522 4.821 20.798 25.472 24.723 22.804 23.214 27.602 18.404 24.183 0 0 0.332 0 1.118 1.193
18.498 8.458 8.521 0 6.931 17.904 8.484 1.676 18.797 18.831 19.298 17.338 16.379 9.723 13.476 1.324 0.943 0 6.746 0 7.702 0 18.988 25.483 15.394 0 18.34 7.493 13.33 15.608 3.788 0 5.602 21.616 0 3.669 6.206 0.662 1.096 1.234 0 8.568 12.865 0 15.116 5.991 28.766 23.767 24.412 31.122 23.137 27.784 30.223 30.217 25.556 25.497 27.539 22.414 20.924 16.256 11.382 23.168 25.512 19.424 21.681 27.825 28.831 26.481 16.587 0 9.732 1.59 0 0 0 1.185 0
13.144 0 10.705 2.795 11.948 11.583 0.691 0 1.529 0.748 8.941 1.589 2.467 0 21.622 0 0 6.132 0 1.764 6.881 5.252 4.228 11.259 1.375 0 0 0 1.109 7.643 0 4.326 0 24.993 21.571 25.742 24.986 25.223 27.666 26.478 22.084 25.909 19.779 21.293 25.89 30.132 23.855 23.463 28.491 34.525 13.629 33.103 32.303 27.886 28.249 23.893 22.355 28.193 19.53 30.445 7.068 15.375 1.805 16.302 25.592 24.578 27.051 18.41 0 15.239 8.693 0.728 0 3.029 4.307 0 0.552
0 17.637 0 0.508 0 0 0.534 8.846 3.36 0 0 3.391 0.605 2.97 18.673 10.102 0 0 1.861 1.452 0 0 2.787 3.738 4.25 0 16.4 0 14.543 10.449 2.999 0 3.437 21.709 20.476 24.359 32.806 23.651 23.359 30.142 27.323 27.403 27.462 19.875 18.17 15.703 27.284 23.906 23.222 25.905 39.555 26.384 24.018 23.287 25.045 18.714 24.303 23.335 23.212 25.283 0 19.059 9.41 20.173 14.634 25.256 21.955 20.537 0 10.243 24.375 1.964 0.61 0.632 9.045 0.535 0.678
14.493 0 0 8.523 0.638 9.605 14.516 2.674 17.884 2.19 3.78 0.226 0.333 0.208 11.969 6.011 0 0 1.539 0 4.082 11.024 1.912 1.28 3.387 2.716 0 2.551 6.82 2.082 0.905 2.993 1.8 18.204 27.92 19.611 25.699 32.222 31.076 10.688 27.125 29.523 26.967 21.565 22.766 17.638 21.863 26.672 27.838 33.567 26.885 17.995 25.343 30.126 20.237 20.074 26.471 24.394 26.988 21.604 15.476 15.586 21.977 14.313 0.455 21.976 28.434 25.506 0 0 1.185 9.29 27.361 8.541 12.683 8.356 3.685
0 0 0 0 0 0 0 12.374 0 6.535 0 0.389 3.719 0.55 6.138 21.391 0 0 2.055 2.225 0 10.133 1.759 0 4.661 5.228 9.404 12.426 7.983 2.906 0 13.64 8.63 23.397 27.238 0 23.364 16.272 27.157 21.613 26.279 28.661 24.287 18.561 20.196 22.816 24.884 23.513 30.096 26.692 24.455 27.441 25.947 30.168 2.42 0 0.307 27.482 28.474 16.762 17.852 11.706 6.408 26.487 5.717 1.304 0.354 38.96 0 0 0 6.203 0 4.165 0.325 7.037 0.467
0 0 0 0 0 0 0 16.358 4.624 15.286 0 0.326 0.881 4.227 0.271 3.061 0 0 0 0 2.737 3.809 3.736 4.395 1.868 4.928 0.593 0 8.622 3.473 3.684 13.154 0 33.172 6.082 24.231 31.587 36.637 18.511 21.074 27.091 25.541 28.654 25.823 23.532 19.401 21.77 19.081 29.295 24.475 24.491 25.963 19.784 27.997 23.577 26.466 0 0 26.444 22.169 21.214 0.51 11.863 13.912 0 0 0.471 0 0 14.617 8.771 6.689 1.387 0.365 3.566 0 0.917
16.069 0 0 0 0 0 0 6.981 6.95 1.458 7.84 17.283 0.838 0.991 0.512 15.819 0 0 6.041 0.277 10.923 0 0 3.432 4.381 9.818 10.076 2.966 1.591 0 9.748 0 0 32.738 34.149 33.219 29.543 25.222 32.364 27.908 28.516 31.271 12.542 25.181 21.19 27.215 29.492 6.681 27.617 26.36 25.676 27.014 24.693 28.863 26.285 6.826 16.288 28.897 24.086 10.005 4.001 5.436 4.262 0 26.992 0 11.003 0 0.471 0 0.329 1.113 14.673 1.886 2.447 8.906 7.733
0 1.069 0 0.801 10.316 0.317 0 0.511 0 13.322 0.712 15.781 13.486 6.143 6.345 15.536 2.076 0 0 20.932 0 3.259 0 15.356 8.59 0.583 17.677 1.765 2.178 12.968 1.792 0 9.819 32.761 30.126 24.888 25.792 25.409 21.98 24.628 21.659 28.594 27.54 28.112 22.561 28.088 17.503 26.668 26.383 22.083 30.58 26.195 24.275 29.119 29.079 26.552 21.285 26.009 23.484 16.026 29.253 19.467 0 23.943 0.425 0 10.486 10.752 0 15.419 10.581 0.234 0.937 6.812 15.235 23.092 11.643
0 16.865 1.988 19.354 2.947 0 15.046 1.306 0 8.213 3.487 0 12.542 0 0 0.223 15.032 3.162 4.177 0 1.405 1.308 16.263 17.261 6.091 0 0 16.94 2.511 0.917 0 1.382 2.151 22.888 20.87 17.836 28.613 21.482 21.182 15.129 26.21 28.91 26.44 26.658 26.601 21.45 24.01 25.201 25.156 29.57 23.395 23.821 24.733 9.055 15.928 18.548 20.475 24.391 26.166 31.103 32.867 0.306 0.37 19.994 23.785 0.69 22.731 6.438 0 9.889 0 6.931 12.582 0 22.061 16.139 0.494
17.951 18.631 19.674 22.476 18.074 17.998 2.256 3.103 0.54 0.596 2.696 3.518 7.791 8.218 0.989 0.821 11.979 0 15.829 0 1.938 8.1 0.333 3.778 24.329 0 0.244 18.593 1.509 1.03 2.018 3.304 4.484 16.912 25.568 27.474 22.207 27.758 25.358 26.705 33.796 27.956 27.192 24.279 31.86 19.418 21.728 19.898 28.637 19.596 22.928 24.903 28.686 32.269 27.683 21.871 32.85 23.288 32.386 22.378 14.237 0 13.917 10.877 18.482 14.376 25.622 17.39 5.848 1.866 19.295 1.021 9.452 0 0.237 0.411 0
15.002 14.898 10.971 3.502 0 16.807 10.145 1.379 0.396 0 0.606 1.456 8.323 4.668 0.723 2.415 2.149 0.255 0 0.673 1.835 0.384 0 0 0 17.577 22.337 0.329 1.774 2.585 0.423 4.06 5.766 23.252 17.954 26.127 19.926 25.024 0.906 2.925 21.539 25.407 28.664 17.674 33.065 25.813 23.117 20.848 25.858 5.938 20.987 22.532 28.436 17.714 28.65 24.615 24.824 25.128 26.011 26.797 4.81 0.297 1.325 2.503 0.91 0.591 28.152 1.069 8.666 14.372 19.399 0 6.754 2.338 0 0.272 11.896
15.963 17.304 0 3.247 9.846 12.502 16.436 0 16.636 0.306 4.415 0.234 0.251 0.415 0.28 0 15.006 2.641 5.69 1.42 1.786 12.728 0 20.515 20.257 25.472 25.102 0 13.025 1.592 4.1 11.224 0.416 22.412 19.276 29.95 0.937 4.351 0.786 0 22.22 29.632 23.307 25.411 26.163 17.689 9.189 20.754 18.902 11.796 19.141 18.964 24.382 22.608 12.633 24.585 18.409 24.278 28.516 34.79 0.867 6.559 7.781 1.07 11.339 9.157 13.252 1.485 1.204 9.842 0.255 7.253 0 16.798 0 0 0.306
17.311 12.423 0 10.119 10.399 15.466 12.649 0 0 21.753 0.287 4.732 23.067 0.369 0.234 0.362 10.723 8.899 10.399 1.567 17.891 19.101 0 14.718 15.061 19.143 0 0 21.562 0 1.576 2.933 4.408 27.984 23.048 24.893 24.29 0 0 0 27.327 22.593 24.594 23.65 22.894 24.594 22.598 26.205 24.316 21.955 22.066 28.425 29.464 27.161 13.375 14.644 26.38 20.722 18.766 28.461 31.996 24.483 1.369 3.524 1.585 24.478 22.762 20.032 12.492 0 0 9.565 0 10.682 0 14.527 1.287
12.823 7.716 21.466 0 15.656 16.546 0 0 0 12.28 0 13.927 0.216 0.702 11.966 7.96 0 10.85 0.248 0 16.028 19.68 14.184 17.611 0 0 0 0 0 8.072 15.063 4.171 0 2.175 25.583 7.643 29.156 22.341 26.901 23.846 1.155 15.304 21.156 23.491 31.352 19.11 24.447 17.451 25.3 27.128 24.888 23.24 12.361 16.872 21.562 20.496 27.911 21.943 25.415 26 27.167 17.182 27.856 24.41 19.018 24.538 23.171 3.916 23.694 11.793 5.261 22.04 0.328 23.278 31.748 34.138 17.103
4.613 0 0.594 8.727 0 0 0 0 0 0 2.283 0 0 16.732 17.938 18.158 24.262 19.543 1.663 23.053 26.968 21.681 16.504 16.943 13.618 28.377 23.76 18.226 21.547 24.073 17.343 20.601 23.334 19.225 24.219 22.065 22.149 27.757 25.518 0.979 24.468 26.032 28.484 0 29.804 24.869 27.089 28.292 23.772 22.682 26.212 25.673 17.416 27.299 21.472 23.526 19.391 14.858 31.555 16.907 22.997 28.808 20.144 32.907 28.657 28.758 25.275 29.052 24.744 17.559 20.9 20.291 19.808 14.514 19.587 21.939 16.203
0 4.498 0.764 0 0 0 0 1.46 0 0 0 0 0 14.706 23.099 32.983 26.739 2.445 20.328 20.637 20.028 23.068 21.491 22.996 21.692 22.482 29.611 19.866 28.047 18.2 26.079 21.981 13.826 23.94 24.847 20.93 11.716 26.35 0.489 26.339 23.103 23.625 28.13 14.656 32.449 24.588 24.916 23.814 27.675 1.851 26.398 26.319 22.217 23.444 5.21 18.543 21.788 30.016 24.963 23.101 19.688 22.657 21.368 23.848 21.853 20.001 27.446 25.469 27.145 21.14 25.658 0.732 28.587 12.687 16.912 19.603 20.464
0 0 0 0 0 0 0 1.389 0.938 0 0 1.433 18.321 6.293 14.965 26.388 33.197 27.229 9.134 20.073 1.653 12.592 20.96 24.997 20.582 13.178 18.182 19.322 27.045 25.988 27.514 28.746 17.593 14.955 19.926 7.669 22.35 26.822 26.407 26.296 21.019 23.815 22.312 32.119 22.282 22.416 16.591 25.148 25.544 23.573 26.364 21.473 25.155 28.467 29.684 19.928 17.994 23.581 20.055 1.586 18.559 6.231 27.364 25.023 22.07 27.18 22.171 31.365 27.707 0 22.114 0.447 16.272 29.018 16.784 16.295 17.947
0 0 0 0 0 0 0 0 0.237 0 0 0.49 0 20.811 29.165 20.035 33.132 23.516 26.202 15.683 29.079 9.4 18.235 17.462 23.957 18.336 24.916 20.807 21.898 25.072 24.466 26.722 10.329 21.787 16.6 18.584 25.685 24.417 22.942 32.131 27.65 21.598 30.759 27.338 21.277 21.555 31.192 30.461 26.48 0.428 0.351 27.399 24.104 22.984 25.156 19.479 21.836 27.738 4.402 29.672 18.643 20.727 31.124 26.641 26.105 26.908 20.038 6.778 27.755 30.214 24.365 29.657 15.906 13.657 9.269 0 20.534
0 0 0 0 0 0 0 0 0 0 0 0 0 7.702 19.649 0.712 26.278 28.787 20.902 29.125 17.902 25.342 21.25 19.953 24.95 1.607 20.291 18.848 3.518 23.577 20.202 25.768 32.08 21.966 20.581 11.915 25.713 10.718 23.801 23.355 29.035 30.355 28.967 27.182 18.006 21.299 21.145 12.897 17.197 23.263 0 21.335 19.538 25.65 23.961 24.802 17.399 26.452 25.489 24.384 18.62 23.686 0.729 20.95 28.74 20.325 20.858 19.945 20.902 20.116 22.003 20.215 22.088 21.665 1.24 9.934 23.525
0 0 0 0 0 0 0 0 0 0 0 0 0 12.134 18.044 18.447 16.496 9.07 21.471 29.294 33.992 24.798 22.624 26.944 21.651 19.187 11.044 26.442 21.253 21.202 26.814 19.722 18.217 27.555 26.034 22.311 31.523 21.675 25.684 22.255 18.235 26.993 23.764 21.088 21.221 19.935 24.827 20.286 20.29 24.488 26.946 13.958 1.856 18.016 24.145 15.177 19.271 18.728 20.505 26.458 23.439 29.738 32.293 15.065 19.745 12.432 25.102 21.599 23.599 24.701 21.35 29.518 19.45 18.31 1.042 19.555 19.677
0 0 0 0 0 0 0 0 0 0 0 0 0 0 10.568 20.014 26.708 21.655 20.74 24.853 17.331 34.66 18.957 20.9 28.192 21.597 22.656 20.643 18.596 12.539 25.907 7.248 21.324 11.074 25.303 20.673 19.03 0 24.878 5.123 25.74 24.872 19.025 21.818 6.583 28.022 23.387 20.671 20.397 20.029 18.378 23.311 19.691 18.766 22.474 16.873 21.43 25.539 17.902 14.726 25.598 18.065 25.575 27.237 34.943 21.297 24.318 18.052 20.412 18.106 19.344 14.084 26.139 27.766 21.163 28.136 26.465
0 0 0 0 0 0 0 0 0 0 0 0 0 1.669 8.646 2.935 23.325 20.8 24.203 11.942 26.783 13.402 25.429 16.214 13.165 25.207 27.063 20.72 20.43 16.376 21.329 25.607 20.457 25.574 22.6 20.536 23.095 23.013 26.706 20.528 20.044 28.867 26.256 12.963 22.002 26.185 19.738 23.158 22.247 21.861 25.247 22.676 14.752 11.326 18.23 27.065 21.934 19.898 20.711 19.267 5.557 14.164 24.428 29.484 24.557 25.279 24.743 17.348 12.45 19.49 24.699 23.647 24.635 23.253 19.444 24.518 28.942
0 0 0 0 0 0 0 0 0 0 4.309 21.334 0 12.73 21.532 18.765 23.145 16.968 21.241 17.984 16.002 23.194 28.942 24.111 25.789 24.252 24.689 28.557 21.46 27.43 10.752 21.687 31.246 24.242 29.747 24.81 21.055 22.143 23.019 16.24 25.032 17.31 18.73 23.664 6.158 15.121 18.797 19.146 22.885 21.675 23.622 24.396 15.569 8.515 16.804 19.715 18.393 25.246 21.101 3.906 17.803 26.813 22.081 20.247 24.806 24.781 24.029 14.643 0.437 18.626 19.428 21.751 20.855 16.263 17.652 22.827 1.11
0 0 0 0.91 1.189 0 0 17.393 26.822 18.957 2.525 14.528 0 1.92 11.02 22.703 20.504 21.543 25.159 13.229 28.297 14.532 23.537 28.068 27.079 19.672 18.96 17.416 26.578 25.549 30.136 23.542 24.343 18.63 21.493 33.805 24.109 28.849 26.791 16.67 7.712 22.837 10.192 0 0 0 0 0 0 0 17.153 5.71 5.71 26.689 12.593 0.512 18.663 4.474 16.863 25.06 18.995 21.905 19.919 25.12 10.52 25.265 25.338 19.686 23.852 22.388 27.193 23.432 26.645 1.22 25.351 25.092 18.21
0 0 0 17.355 18.63 24.754 23.728 26.013 22.204 19.718 24.878 17.5 0.317 21.071 16.713 10.836 22.942 20.324 19.203 12.318 18.199 27.311 18.159 22.735 17.314 31.822 15.004 25.168 16.063 35.159 24.981 28.911 32.492 26.26 27.124 17.905 25.272 3.034 33.18 7.794 25.696 22.278 9.493 14.931 5.779 14.083 18.625 15.002 16.952 18.851 11.2 16.302 6.216 24.078 8.369 19.193 16.249 18.498 14.992 20.319 13.683 18.067 24.588 18.421 24.012 22.859 29.575 18.371 27.446 25.348 23.207 21.906 24.509 20.407 22.051 24.239 13.178
13.4 0.346 18.637 11.395 2.792 14.952 23.973 19.223 19.991 19.466 22.49 17.443 16.915 19.538 22.284 21.51 22.272 23.821 23.774 20.794 21.489 16.71 20.222 18.065 20.045 25.706 16.876 20.622 16.437 23.968 25.131 21.384 13.148 16.97 22.341 26.772 25.618 21.901 21.244 21.788 23.028 18.907 16.803 22.002 20.833 21.046 23.775 8.663 12.794 23.562 21.637 20.723 19.97 26.879 18.426 34.242 23.62 17.606 12.114 19.823 21.033 21.49 21.086 33.214 28.819 22.311 18.31 11.521 13.409 24.361 27.619 19.089 1.156 2.487 13.342 9.145 20.715
10.416 0 14.323 7.001 17.905 9.493 22.906 25.184 21.389 20.204 17.513 21.14 11.794 18.846 17.229 22.155 27.27 15.447 11.443 26.274 23.953 36.711 13.822 4.404 11.09 0.332 24.035 22.594 22.646 21.382 20.587 32.881 22.307 30.137 30.229 23.57 24.623 24.645 23.601 19.358 25.647 21.676 21.83 26.027 24.957 24.594 28.643 25.749 16.516 34.962 26.59 23.367 29.615 31.244 17.002 23.2 18.103 19.715 19.655 24.017 26.72 29.32 1.099 29.175 28.568 16.121 9.724 27.477 9.801 14.115 27.292 9.016 16.915 19.49 21.577 13.063 20.773
