rf_abgr.asc
ncols         1040
nrows         514
xllcorner     497943.03125
yllcorner     5178296
cellsize      30
NODATA_value  -9999
[rows 352 to 383 of 514, columns 296 to 369 of 1040]
25.47195 0 25.47195 1.353585 25.47195 25.47195 12.9389 25.47195 3.543274 5.37786 5.37786 1.353585 0 25.47195 1.055361 38.07033 13.73471 5.37786 3.543274 1.667578 1.055361 1.055361 13.59367 3.543274 2.513694 5.37786 5.37786 12.9389 3.543274 0 2.513694 2.513694 30.90269 1.353585 3.543274 3.543274 12.75168 3.543274 25.47195 38.07033 12.75168 5.37786 38.07033 38.07033 13.73471 38.07033 1.353585 13.59367 25.47195 0 18.6138 25.47195 25.47195 38.07033 1.353585 25.47195 0 13.59367 0 1.667578 1.055361 2.513694 17.02269 13.59367 13.59367 32.60606 13.59367 1.055361 16.35678 32.60606 13.59367 0 32.60606 3.543274
38.07033 12.76332 25.47195 1.055361 13.59367 1.055361 30.90269 11.86621 2.513694 0 0 25.47195 38.07033 25.47195 3.543274 2.513694 12.75168 30.90269 14.25113 12.75168 2.513694 0 16.35678 32.60606 5.37786 0 12.9389 5.37786 0 32.60606 3.543274 3.543274 30.90269 30.90269 0 5.37786 42.78967 3.543274 1.353585 25.47195 1.055361 26.23247 1.055361 2.513694 12.9389 38.07033 25.47195 38.07033 25.47195 32.60606 38.07033 25.47195 32.60606 0 1.055361 25.47195 25.47195 1.055361 0 30.90269 0 25.47195 13.59367 1.353585 2.082564 3.543274 2.082564 25.47195 1.055361 32.60606 5.37786 32.60606 32.60606 1.353585
25.47195 0 3.543274 25.47195 1.055361 12.9389 32.60606 30.90269 30.90269 2.513694 38.07033 12.76332 2.513694 3.543274 0 25.47195 18.6138 12.75168 2.513694 5.37786 25.47195 12.75168 30.90269 1.055361 3.543274 5.37786 3.543274 0 0 3.543274 16.47842 32.60606 30.90269 3.543274 0 31.62228 30.90269 5.37786 1.055361 25.47195 25.47195 1.055361 1.055361 13.59367 25.47195 1.055361 25.47195 25.47195 1.055361 25.47195 1.055361 1.353585 1.353585 1.055361 1.055361 1.055361 32.60606 25.47195 25.30589 32.60606 25.47195 25.47195 42.78967 32.60606 26.23247 32.60606 2.513694 1.055361 32.60606 25.30589 32.60606 1.055361 32.60606 5.37786
32.60606 32.60606 2.513694 0 5.37786 5.37786 0 5.37786 5.37786 0 32.60606 30.90269 12.9389 16.35678 30.90269 32.60606 12.9389 12.9389 12.9389 1.667578 3.543274 5.37786 4.646817 32.60606 1.353585 2.513694 0 0 12.9389 5.37786 5.37786 3.543274 0 0 0 0 12.9389 2.513694 1.055361 25.47195 18.6138 25.47195 1.055361 1.055361 17.02269 71.70134 25.47195 1.055361 1.055361 1.055361 30.90269 1.055361 32.60606 1.055361 1.055361 2.513694 18.6138 5.37786 25.47195 25.47195 1.055361 1.055361 25.47195 1.353585 1.055361 1.353585 32.60606 32.60606 1.055361 26.23247 25.01204 1.055361 5.37786 32.60606
32.60606 5.37786 0 18.6138 12.9389 0 25.47195 1.353585 1.055361 5.37786 5.37786 12.75168 6.422021 0 12.75168 0 30.90269 38.07033 12.75168 32.60606 12.9389 0 24.48217 12.9389 1.353585 2.082564 2.082564 2.513694 6.422021 0 3.543274 5.37786 30.90269 0 30.90269 1.353585 2.082564 2.513694 1.055361 25.47195 5.37786 38.07033 1.667578 1.353585 26.23247 25.47195 38.07033 38.07033 25.47195 0 0 1.353585 3.543274 5.37786 1.055361 0 3.543274 12.9389 0 13.59367 25.47195 25.47195 26.23247 1.055361 32.60606 1.353585 32.60606 32.60606 1.055361 25.47195 5.37786 32.60606 16.35678 32.60606
0 38.07033 2.513694 0 0 2.513694 5.37786 12.9389 12.9389 32.60606 1.353585 30.90269 12.9389 6.422021 12.9389 32.60606 12.9389 12.9389 12.9389 12.75168 13.59367 0 5.37786 3.543274 0 2.082564 0 2.513694 2.513694 2.513694 0 0 0 1.353585 2.513694 1.353585 2.082564 2.513694 17.02269 13.59367 25.47195 38.07033 38.07033 13.59367 1.055361 26.23247 25.47195 1.055361 25.47195 0 13.59367 32.60606 32.60606 2.513694 5.37786 25.47195 38.07033 25.47195 1.055361 25.01204 1.055361 25.47195 13.59367 1.055361 32.60606 2.082564 2.513694 32.60606 1.055361 32.60606 32.60606 0 12.9389 19.52386
2.082564 0 1.353585 25.47195 0 2.513694 0 13.59367 30.90269 32.60606 12.9389 0 12.9389 0 38.07033 12.75168 0 32.60606 12.9389 12.76332 30.90269 12.75168 18.6138 0 30.90269 5.37786 12.9389 0 3.543274 2.513694 12.9389 2.513694 1.055361 25.47195 0 1.353585 1.353585 30.90269 1.055361 17.02269 25.47195 38.07033 38.07033 25.47195 25.47195 13.59367 26.23247 17.02269 25.47195 1.055361 38.07033 25.47195 13.59367 25.47195 38.07033 25.47195 25.47195 25.47195 1.353585 25.47195 13.59367 1.055361 25.47195 32.60606 2.082564 1.055361 1.055361 13.59367 1.055361 1.353585 0 12.9389 0 31.62228
0 12.9389 12.75168 38.07033 16.35678 0 0 0 5.37786 30.90269 2.513694 12.9389 0 0 12.76332 12.9389 0 25.47195 12.9389 12.75168 1.353585 25.47195 25.47195 0 3.543274 0 1.353585 30.90269 5.37786 12.9389 1.353585 1.353585 2.513694 30.90269 2.513694 19.52386 3.543274 30.90269 1.055361 1.055361 1.055361 17.02269 0 25.47195 38.07033 25.47195 1.055361 26.23247 25.47195 1.055361 25.47195 25.47195 1.055361 1.055361 1.055361 1.055361 1.055361 25.47195 25.47195 25.47195 1.055361 1.055361 2.513694 25.47195 32.60606 1.055361 26.23247 1.055361 17.02269 16.35678 8.326313 12.9389 13.78264 32.60606
1.353585 2.513694 1.353585 2.513694 2.082564 2.082564 3.543274 30.90269 18.6138 18.6138 5.37786 30.90269 5.37786 12.9389 0 1.055361 0 25.47195 0 38.07033 12.76332 25.47195 25.47195 5.37786 0 5.37786 0 2.513694 0 0 3.543274 0 1.353585 3.543274 5.37786 12.9389 2.082564 1.353585 25.47195 25.47195 1.055361 9.362277 17.02269 38.07033 1.055361 13.59367 25.47195 38.07033 1.055361 1.055361 0 25.47195 25.47195 13.59367 25.47195 25.47195 1.055361 32.60606 25.47195 1.055361 13.59367 13.59367 12.9389 16.47842 32.60606 0 32.60606 25.47195 32.60606 1.353585 0 0 12.9389 10.45712
1.055361 0.7419939 2.082564 0.7419939 2.513694 2.513694 2.082564 32.60606 2.513694 3.543274 5.37786 1.055361 3.543274 32.60606 1.353585 0.7419939 1.055361 1.055361 0 25.47195 5.37786 30.90269 1.055361 25.47195 0 2.082564 25.47195 0 12.75168 5.37786 1.353585 3.543274 3.543274 2.513694 2.513694 1.353585 3.543274 0 25.47195 25.47195 25.47195 17.02269 26.23247 25.47195 5.37786 1.055361 25.47195 25.47195 25.47195 1.055361 2.513694 1.055361 25.47195 25.47195 13.59367 13.59367 12.9389 16.35678 32.60606 1.353585 25.47195 32.60606 18.6138 13.59367 12.76332 25.47195 32.60606 1.055361 9.362277 16.35678 12.9389 32.60606 32.60606 32.60606
12.9389 0 10.17291 5.37786 3.543274 1.353585 2.513694 2.513694 2.082564 1.055361 2.513694 5.37786 1.055361 12.9389 12.9389 2.513694 2.513694 1.055361 0 38.07033 25.47195 1.055361 12.76332 1.055361 26.23247 12.9389 0 2.513694 0 1.353585 5.37786 5.37786 3.543274 0 0 2.513694 2.082564 2.082564 25.30589 25.47195 16.35678 1.055361 26.23247 17.02269 13.59367 1.055361 25.47195 25.47195 12.76332 5.37786 25.47195 1.055361 25.47195 25.47195 1.055361 25.47195 32.60606 32.60606 12.9389 25.47195 32.60606 32.60606 1.055361 32.60606 32.60606 30.90269 16.35678 9.742159 0 0 5.37786 32.60606 5.37786 30.90269
18.6138 38.07033 2.513694 1.353585 2.513694 12.9389 3.543274 30.90269 1.353585 32.60606 13.59367 1.055361 5.37786 12.9389 16.15579 1.055361 11.86621 2.513694 25.47195 5.37786 1.353585 25.47195 38.07033 1.667578 2.513694 0 1.055361 25.47195 12.76332 5.37786 5.37786 3.543274 3.543274 3.543274 2.513694 1.353585 2.082564 5.37786 2.513694 12.9389 1.055361 1.055361 17.02269 1.055361 1.055361 25.47195 1.055361 32.60606 25.47195 25.47195 5.37786 25.47195 1.353585 25.47195 1.055361 25.47195 25.47195 38.07033 12.76332 13.59367 25.47195 25.47195 2.513694 13.59367 2.082564 30.90269 32.60606 5.37786 2.513694 32.60606 25.01204 25.01204 32.60606 2.082564
18.6138 0 0 5.37786 25.47195 3.543274 30.90269 3.543274 3.543274 3.543274 3.543274 5.37786 0 0 30.90269 1.055361 1.055361 32.60606 0 1.055361 1.055361 25.47195 5.37786 1.353585 12.9389 0 25.47195 38.07033 0 25.47195 18.6138 25.47195 0 0 12.9389 12.9389 12.9389 0 12.9389 38.07033 12.9389 42.78967 13.79835 25.47195 13.59367 26.23247 26.23247 13.59367 25.47195 0 18.6138 5.37786 25.47195 1.055361 25.47195 26.23247 1.055361 13.59367 25.47195 1.055361 0 13.59367 1.055361 32.60606 5.37786 5.37786 16.35678 30.90269 0 32.60606 5.37786 26.23247 5.37786 25.47195
0 25.47195 25.47195 25.47195 5.37786 2.082564 5.37786 30.90269 5.37786 0 32.60606 0 5.37786 0 13.79835 2.513694 2.082564 2.513694 1.353585 0 1.055361 1.055361 2.082564 5.37786 10.17291 0 0 5.37786 30.90269 1.055361 1.055361 12.76332 12.9389 32.60606 32.60606 42.78967 38.07033 25.47195 12.9389 12.9389 12.9389 12.9389 12.9389 2.513694 1.055361 13.59367 1.055361 13.59367 0 1.055361 26.23247 25.47195 32.60606 25.47195 0 25.47195 26.23247 1.055361 0 2.513694 2.513694 32.60606 32.60606 3.543274 2.035196 0 32.60606 2.082564 3.543274 32.60606 25.47195 2.636337 25.47195 32.60606
0 2.082564 2.513694 30.90269 5.37786 2.082564 38.07033 38.07033 5.37786 5.37786 0 11.86621 1.055361 2.548234 4.646817 0 0 2.082564 25.47195 3.543274 2.513694 25.47195 12.9389 2.513694 0 1.055361 1.055361 32.60606 1.055361 2.513694 3.543274 5.37786 12.76332 0 38.07033 25.01204 5.37786 25.47195 1.055361 1.055361 1.055361 25.47195 0 2.636337 0 25.30589 2.082564 0 25.47195 1.055361 25.47195 0 25.47195 1.353585 25.47195 25.01204 1.055361 5.37786 3.543274 32.60606 0 32.60606 1.353585 0 2.082564 32.60606 3.543274 8.326313 25.47195 3.543274 0 3.543274 13.59367 25.01204
0 2.636337 3.543274 13.59367 3.543274 3.543274 25.30589 30.90269 5.37786 30.90269 3.543274 3.543274 5.37786 0 42.78967 5.37786 0 2.636337 5.37786 18.6138 0 12.9389 30.90269 13.73471 13.59367 1.055361 32.60606 1.055361 5.37786 1.055361 3.543274 1.353585 1.353585 0 32.60606 1.055361 1.055361 25.47195 1.055361 1.353585 0 3.543274 0 0 0 0 1.353585 25.47195 1.055361 1.055361 25.47195 25.47195 32.60606 13.59367 25.47195 25.47195 5.37786 5.37786 30.90269 0 2.513694 10.45712 32.60606 32.60606 5.352956 2.082564 0 3.543274 1.353585 3.543274 1.667578 13.59367 25.47195 1.055361
12.76332 2.636337 2.636337 25.47195 12.76332 5.37786 5.37786 3.543274 12.76332 5.37786 25.30589 3.543274 13.73471 0 13.59367 3.543274 3.543274 5.37786 30.90269 1.055361 1.353585 12.9389 16.35678 1.055361 3.543274 1.055361 5.37786 1.055361 25.47195 18.6138 30.90269 1.055361 25.30589 25.30589 1.055361 25.47195 18.6138 1.055361 0 0 0 0 0 0 0 0 1.055361 1.055361 13.59367 5.37786 3.543274 5.37786 13.73471 32.60606 25.47195 25.47195 0 25.47195 25.47195 32.60606 0 18.6138 38.07033 0 12.75168 0 5.37786 3.543274 3.543274 32.60606 5.37786 32.60606 0 3.543274
0 12.76332 18.6138 5.37786 3.543274 18.6138 5.37786 5.37786 0 5.37786 5.37786 0 0 5.37786 1.055361 3.543274 3.543274 25.47195 1.667578 2.082564 30.90269 0 32.60606 1.055361 25.47195 25.30589 1.055361 25.30589 1.055361 1.055361 25.01204 3.543274 0 5.37786 5.73409 30.90269 0 0 0 0 0 0 2.636337 0 0 0 1.055361 0 0 0 5.37786 25.47195 25.47195 3.543274 3.543274 25.47195 25.47195 5.37786 25.47195 5.37786 0 2.035196 32.60606 18.6138 18.6138 5.37786 0 0 32.60606 0 1.667578 0 1.353585 30.90269
12.76332 18.6138 5.37786 0 0 0 0 5.37786 5.37786 18.6138 30.90269 5.37786 5.37786 5.37786 3.543274 12.76332 0 2.513694 5.37786 0 2.513694 38.07033 25.47195 30.90269 3.543274 3.543274 1.055361 3.543274 2.636337 0 38.07033 0 0 0 0 0 0 2.636337 3.543274 0 3.543274 0 0 3.543274 1.667578 0 0 5.37786 0 0 5.37786 25.47195 0 25.47195 18.6138 5.37786 0 18.6138 18.6138 25.47195 16.47842 3.543274 25.47195 0 25.47195 0 0 1.353585 5.37786 3.543274 2.513694 3.543274 13.59367 1.055361
0 0 0 0 5.37786 5.37786 0 0 18.6138 5.37786 0 0 0 0 3.543274 0 3.543274 1.055361 2.513694 1.353585 2.082564 31.62228 5.37786 0 0 0 3.543274 0 3.543274 0 0 5.37786 0 0 0 0 0 2.636337 0 0 0 0 0 0 0 0 0 5.37786 0 0 0 0 26.23247 0 5.37786 1.353585 30.90269 0 5.37786 25.47195 0 18.6138 2.035196 32.60606 1.353585 25.47195 5.37786 0 18.6138 1.667578 25.47195 32.60606 2.513694 25.47195
0 0 2.513694 0 5.37786 5.37786 0 0 5.37786 5.37786 0 1.055361 0 5.37786 0 0 20.90473 2.082564 26.23247 1.055361 1.055361 12.9389 18.6138 0 25.47195 0 0 5.37786 0 5.37786 0 0 5.37786 0 0 0 0 3.543274 0 2.636337 0 0 0 5.37786 5.37786 0 0 0 0 0 0 0 30.90269 25.47195 25.47195 32.60606 0 25.47195 0 25.47195 38.07033 0 25.47195 12.75168 25.47195 3.543274 3.543274 0 32.60606 12.9389 5.37786 1.055361 2.513694 1.353585
12.76332 18.6138 0 0 0 2.082564 6.422021 0 5.37786 0 0 0 0 2.513694 0 25.47195 0 0 2.636337 2.513694 0 25.30589 38.07033 2.082564 0 0 0 0 0 0 0 2.082564 18.6138 38.07033 0 0 0 0 0 0 0 3.543274 0 0 0 0 0 3.543274 3.543274 18.6138 25.47195 25.47195 5.37786 13.59367 25.47195 3.543274 3.543274 0 32.60606 32.60606 32.60606 30.90269 0 12.75168 12.9389 1.353585 18.6138 2.513694 32.60606 25.47195 25.47195 5.37786 3.543274 3.543274
18.6138 0 1.353585 0 25.47195 0 18.6138 18.6138 5.37786 5.37786 5.37786 5.37786 0 0 30.90269 30.90269 30.90269 5.37786 0 26.23247 2.513694 0 38.07033 0 5.37786 5.37786 5.37786 2.513694 0 0 0 38.07033 13.59367 26.23247 0 0 0 0 0 0 0 0 3.543274 0 2.636337 0 5.37786 0 3.543274 5.37786 5.37786 2.5615 0 0 25.47195 5.37786 12.9389 32.60606 5.37786 2.513694 1.353585 5.37786 5.37786 3.543274 0 0 0 1.353585 30.90269 1.353585 12.9389 32.60606 1.353585 5.37786
2.636337 0 0 0 12.76332 5.37786 25.30589 2.636337 25.01204 0 0 5.37786 5.37786 18.6138 25.47195 0 12.9389 5.37786 30.90269 30.90269 25.47195 1.055361 25.47195 18.6138 25.47195 5.37786 5.37786 0 2.513694 1.353585 1.055361 13.59367 1.055361 26.23247 1.055361 0 0 0 0 0 0 0 0 0 5.37786 0 0 0 0 1.055361 25.47195 0 25.01204 26.23247 12.9389 2.513694 0 2.082564 1.353585 32.60606 0 5.37786 25.47195 32.60606 30.90269 5.37786 18.6138 18.6138 3.543274 1.353585 12.9389 30.90269 3.543274 1.353585
0 0 16.35678 0.7682121 0 2.513694 0 1.353585 0 18.6138 18.6138 5.37786 32.60606 1.055361 16.35678 5.37786 5.37786 25.47195 5.37786 12.76332 1.353585 0 0 5.37786 0 12.9389 5.37786 1.055361 13.59367 3.543274 12.76332 18.6138 25.30589 2.513694 5.37786 3.543274 0 0 3.543274 3.543274 3.543274 0 0 0 0 2.636337 0 3.543274 1.667578 5.37786 0 3.543274 1.353585 30.90269 3.543274 5.37786 3.543274 5.37786 3.543274 3.543274 18.6138 2.082564 3.543274 0 2.513694 18.6138 5.37786 5.37786 0 32.60606 2.513694 5.37786 25.47195 25.47195
0 2.636337 18.6138 2.513694 45.59971 2.082564 0 5.37786 38.07033 18.6138 12.9389 5.37786 2.513694 1.353585 25.47195 12.9389 12.9389 5.37786 2.082564 0 25.47195 1.667578 0 18.6138 1.055361 1.055361 32.60606 0 12.9389 0 12.9389 38.07033 5.37786 5.37786 25.47195 3.543274 0 1.201908 3.543274 2.082564 0 0 0 0 30.90269 5.37786 3.543274 30.90269 3.543274 0 3.543274 0 0 2.082564 1.353585 1.353585 12.9389 0 0 0 5.37786 5.37786 0 0 30.90269 32.60606 18.6138 5.37786 25.47195 30.90269 5.37786 32.60606 5.37786 2.513694
2.636337 2.082564 25.47195 0 25.47195 6.422021 0 0 0 0.7682121 25.47195 2.513694 16.35678 0 12.76332 0 32.60606 12.9389 12.9389 25.47195 25.47195 2.082564 13.73471 1.353585 12.9389 2.513694 5.37786 5.37786 0 2.513694 2.513694 25.47195 1.055361 25.47195 25.47195 0 0 0 3.543274 5.37786 3.543274 0 0 0 0 0 3.543274 5.37786 18.6138 2.636337 0 3.543274 0 5.37786 32.60606 2.513694 32.60606 2.513694 0 32.60606 12.75168 5.37786 5.37786 3.543274 2.513694 0 5.37786 3.543274 3.543274 1.353585 1.353585 0 18.6138 5.37786
2.082564 25.30589 2.082564 1.353585 0 0 0 0 0 0 0.7682121 2.082564 5.37786 12.9389 16.35678 0 18.6138 25.47195 5.37786 0 1.353585 38.07033 16.35678 2.513694 5.37786 2.513694 5.37786 38.07033 0 13.59367 2.513694 3.543274 0 5.37786 2.513694 0 0 0 0 0 3.543274 0 0 0 0 1.353585 0 0 0 3.543274 0 0 2.513694 2.5615 30.90269 12.9389 25.47195 25.47195 3.543274 5.37786 25.47195 25.47195 0 5.37786 0 0 0 32.60606 2.513694 2.513694 30.90269 0 3.543274 2.5615
0.7419939 0 0 0 0 0 0 2.513694 2.513694 0 5.37786 0 16.35678 5.37786 0 16.35678 1.353585 25.30589 1.353585 12.9389 38.07033 2.636337 2.513694 1.353585 0 1.353585 38.07033 25.47195 0 3.543274 3.543274 5.37786 25.47195 0 5.37786 6.422021 0 3.543274 0 0 25.47195 0 0 0 0 0 0 0 3.543274 3.543274 2.513694 0 2.513694 12.9389 5.37786 0 25.47195 25.47195 25.47195 25.47195 26.23247 0 0 5.37786 0 0 0 2.513694 30.90269 25.47195 0 0 25.47195 25.47195
6.422021 0 0 0.7682121 0 0 0 0 0 0 10.23011 0 32.60606 12.76332 0 0.7682121 12.9389 45.59971 0 0 2.513694 0 25.47195 0 38.07033 0 25.47195 26.23247 25.47195 3.543274 3.543274 0 25.47195 0 0 0 0 5.37786 0 0 3.543274 0 3.543274 5.37786 0 0 5.37786 5.37786 5.37786 0 0 2.082564 0 5.37786 3.543274 0 18.6138 5.37786 12.75168 38.07033 0 0 2.513694 5.37786 5.37786 2.513694 0 3.543274 0 30.90269 32.60606 2.513694 30.90269 0
0 0 2.513694 0 0 0 0 5.37786 0 0 12.75168 12.9389 0 13.73471 0 25.47195 0 0.7682121 0 0 1.055361 0 1.353585 1.353585 1.353585 0 1.055361 25.47195 25.47195 0 12.9389 3.543274 25.47195 0 5.37786 0 0 3.543274 0 0 3.543274 3.543274 5.37786 3.543274 0 0 5.37786 0 0 5.37786 3.543274 5.37786 0 25.47195 3.543274 38.07033 32.60606 1.055361 18.6138 12.9389 5.37786 0 0 0 5.37786 1.055361 3.543274 0 0 5.37786 0 5.37786 25.47195 25.47195
0 0 0 16.35678 0 0 25.30589 25.30589 0 25.47195 0 25.47195 2.082564 25.47195 25.47195 12.76332 0 1.353585 45.59971 2.513694 16.35678 25.47195 1.353585 1.353585 0 1.353585 32.60606 3.543274 2.513694 1.055361 16.35678 2.082564 3.543274 30.90269 42.78967 0 5.37786 0 2.636337 3.543274 3.543274 0 2.082564 3.543274 0 0 1.353585 0 0 0 0 1.667578 32.60606 0 3.543274 25.47195 1.353585 30.90269 25.47195 5.37786 12.76332 0 0 0 0 18.6138 0 12.9389 12.9389 0 0 3.543274 3.543274 5.37786
