rf_abgr.asc
ncols         1040
nrows         514
xllcorner     497943.03125
yllcorner     5178296
cellsize      30
NODATA_value  -9999
[rows 352 to 383 of 514, columns 222 to 295 of 1040]
5.37786 12.9389 2.513694 1.353585 32.60606 5.37786 18.6138 0 12.9389 25.30589 0 17.02269 16.35678 2.513694 1.055361 0 0 0 2.082564 13.59367 38.07033 12.9389 5.37786 0 30.90269 12.75168 0 0 2.636337 1.667578 5.37786 12.9389 0 13.78264 30.90269 12.75168 13.59367 0 2.513694 3.543274 3.543274 5.37786 5.37786 0 31.62228 3.543274 3.543274 0 3.543274 2.513694 0 0 3.543274 0 3.543274 0 0 3.543274 25.47195 25.47195 26.23247 1.055361 1.055361 17.02269 17.02269 1.055361 16.35678 25.47195 26.23247 1.055361 1.055361 38.07033 5.37786 18.6138
30.90269 5.37786 1.353585 1.353585 2.082564 2.082564 18.6138 18.6138 31.62228 1.055361 21.08494 26.23247 2.082564 2.082564 2.082564 13.59367 25.30589 0 25.30589 12.76332 12.9389 6.422021 5.37786 30.90269 0 32.60606 0 1.055361 1.055361 30.90269 5.37786 32.60606 1.055361 2.513694 0 0 30.90269 0 2.513694 1.353585 5.37786 16.35678 2.513694 12.75168 5.37786 3.543274 0 3.543274 2.082564 3.543274 0 3.543274 0 0 3.543274 3.543274 5.37786 3.543274 3.543274 3.543274 1.055361 25.47195 1.055361 25.47195 26.23247 25.30589 5.37786 0 13.59367 25.47195 1.055361 24.84829 38.07033 38.07033
5.37786 0 0 5.37786 1.353585 2.082564 16.35678 0 0 1.667578 3.543274 2.513694 21.08494 2.513694 26.23247 32.60606 3.543274 0 13.59367 13.59367 1.055361 32.60606 0 12.75168 12.9389 1.353585 1.055361 0 0 1.353585 1.353585 25.47195 32.60606 16.35678 32.60606 1.353585 2.513694 32.60606 30.90269 0 1.353585 32.60606 0 0 0 3.543274 3.543274 0 0 2.082564 30.90269 0 5.37786 0 0 0 0 5.37786 25.47195 0 25.47195 32.60606 3.543274 3.543274 0 3.543274 2.082564 2.513694 25.47195 2.082564 25.47195 12.9389 10.17291 2.513694
25.47195 0 0 3.543274 18.6138 5.37786 2.636337 18.6138 18.6138 5.37786 2.513694 5.37786 12.76332 25.47195 5.37786 13.59367 25.47195 0 2.082564 0 25.47195 12.9389 5.37786 12.9389 25.47195 2.513694 1.353585 30.90269 3.543274 0 30.90269 12.9389 19.52386 16.35678 5.37786 0 3.543274 5.37786 25.47195 3.543274 3.543274 31.62228 2.513694 5.37786 18.6138 0 3.543274 3.543274 0 30.90269 0 0 3.543274 0 0 0 0 3.543274 1.667578 0 5.37786 5.37786 0 0 5.37786 2.513694 32.60606 18.6138 25.47195 11.86621 1.353585 2.513694 10.17291 32.60606
1.353585 32.60606 5.37786 0 5.37786 5.37786 0 0 18.6138 0 5.37786 5.37786 0 1.353585 25.30589 13.59367 25.30589 25.47195 25.47195 2.636337 30.90269 30.90269 0 2.082564 30.90269 0 2.513694 5.37786 30.90269 3.543274 2.513694 2.513694 0 16.35678 25.47195 0 1.353585 5.37786 25.47195 12.9389 12.9389 12.75168 5.37786 2.082564 25.47195 12.9389 3.543274 0 19.52386 2.513694 30.90269 0 1.353585 2.513694 0 3.543274 5.37786 32.60606 0 32.60606 5.37786 32.60606 1.353585 1.667578 1.055361 0 32.60606 3.543274 3.543274 0 1.055361 2.082564 12.9389 5.37786
5.37786 32.60606 30.90269 25.47195 32.60606 5.37786 0 5.37786 0 30.90269 18.6138 0 5.37786 25.47195 2.082564 5.37786 0 30.90269 12.9389 3.543274 0 12.76332 5.37786 25.47195 2.636337 3.543274 5.37786 5.37786 0 5.37786 30.90269 2.513694 0 16.35678 1.055361 0 30.90269 1.353585 3.543274 0 12.75168 5.37786 2.082564 2.513694 30.90269 5.352956 5.37786 1.353585 0 0 5.37786 0 5.37786 0 5.37786 3.543274 5.37786 5.37786 0 5.37786 30.90269 2.513694 32.60606 0 0 3.543274 1.353585 0 5.37786 5.37786 32.60606 25.47195 25.47195 0.7682121
5.37786 0 3.543274 5.37786 2.513694 0 12.9389 2.082564 5.37786 1.353585 30.90269 5.37786 5.37786 2.636337 30.90269 25.30589 2.513694 1.353585 2.082564 5.37786 25.47195 42.78967 30.90269 30.90269 3.543274 5.37786 30.90269 30.90269 1.353585 2.513694 5.37786 2.513694 0 1.353585 1.055361 2.082564 2.5615 3.543274 0 5.37786 16.47842 2.513694 3.543274 2.513694 3.543274 5.37786 3.543274 1.667578 30.90269 5.37786 32.60606 12.9389 3.543274 5.37786 0 5.37786 3.543274 1.667578 0 1.353585 0 3.543274 5.37786 2.513694 0 2.513694 5.37786 2.513694 0 32.60606 1.667578 25.47195 13.73471 0
0 5.37786 12.9389 0 0 0 5.37786 18.6138 38.07033 5.37786 1.353585 5.37786 2.082564 3.543274 1.667578 0 1.667578 2.513694 2.513694 25.47195 0 38.07033 30.90269 5.37786 0 3.543274 5.37786 5.37786 5.37786 3.543274 3.543274 5.37786 0 31.62228 10.17291 6.422021 0 0 12.9389 1.667578 5.37786 18.6138 1.055361 30.90269 30.90269 0 30.90269 30.90269 30.90269 2.082564 1.353585 12.9389 0 0 12.75168 2.082564 5.37786 1.353585 5.37786 2.513694 32.60606 30.90269 25.47195 2.513694 2.513694 3.543274 32.60606 2.513694 12.76332 16.35678 25.47195 18.6138 0 5.37786
5.37786 5.37786 5.37786 16.35678 0 5.37786 25.47195 0 18.6138 2.082564 12.9389 2.082564 2.082564 5.37786 3.543274 0 1.353585 0 1.353585 2.513694 12.9389 12.9389 2.513694 38.07033 0 16.35678 5.37786 0 30.90269 5.37786 32.60606 3.543274 2.513694 30.90269 0 2.082564 12.9389 2.513694 12.76332 32.60606 5.37786 2.513694 25.47195 30.90269 16.35678 2.513694 2.082564 30.90269 30.90269 0 25.01204 5.37786 25.47195 5.37786 5.37786 32.60606 30.90269 5.37786 1.353585 12.75168 0 2.513694 0 2.513694 5.37786 30.90269 1.353585 2.082564 1.055361 25.30589 25.47195 0 45.59971 0
5.37786 25.47195 12.9389 12.9389 32.60606 18.6138 2.082564 1.353585 5.37786 0 30.90269 5.37786 26.23247 5.37786 0 5.37786 2.082564 1.353585 1.353585 0 0 12.9389 32.60606 30.90269 5.37786 25.47195 30.90269 2.513694 2.082564 25.47195 5.37786 0 12.9389 5.37786 0 1.353585 5.37786 0 16.35678 3.543274 30.90269 12.9389 30.90269 1.667578 12.9389 5.37786 32.60606 5.37786 0 2.513694 1.353585 25.47195 18.6138 0 2.513694 25.47195 5.37786 18.6138 18.6138 30.90269 30.90269 25.47195 25.30589 5.37786 2.513694 5.37786 32.60606 2.082564 1.353585 1.353585 0 25.47195 25.47195 0
0 18.6138 25.47195 0 0 25.47195 0 5.37786 5.37786 0 0 5.37786 0 0 0 18.6138 0 1.353585 2.513694 2.513694 2.513694 0 0 12.9389 12.9389 32.60606 2.082564 5.37786 5.37786 30.90269 16.35678 0 5.37786 5.37786 5.37786 0 0 30.90269 0 2.513694 0 5.37786 5.37786 5.37786 1.055361 1.353585 12.9389 12.9389 2.513694 0 0 5.37786 30.90269 2.035196 2.082564 2.636337 5.37786 0 18.6138 0 0 30.90269 32.60606 1.353585 5.37786 30.90269 5.37786 25.47195 0 1.353585 18.6138 45.59971 2.082564 12.76332
18.6138 0 32.60606 0 0 1.055361 5.37786 5.37786 5.37786 25.47195 18.6138 0 5.37786 0 5.37786 18.6138 5.37786 5.37786 1.353585 25.47195 2.082564 0 5.37786 5.37786 2.513694 0 1.353585 16.35678 3.543274 5.37786 32.60606 5.37786 1.353585 5.37786 5.37786 12.75168 1.353585 0 0 3.543274 5.37786 2.5615 30.90269 5.37786 32.60606 2.513694 16.35678 12.9389 5.37786 0 5.37786 1.667578 32.60606 0 25.47195 5.37786 3.543274 0 18.6138 25.47195 25.47195 12.75168 1.055361 12.9389 0 0 38.07033 25.47195 25.30589 18.6138 38.07033 13.73471 0 5.37786
0 5.37786 5.37786 0 0 5.37786 0 5.37786 25.47195 25.47195 0 5.37786 1.353585 1.353585 0 0 0 30.90269 5.37786 0 0 0 12.9389 5.37786 5.37786 12.9389 12.9389 5.37786 1.667578 30.90269 5.37786 0 5.37786 5.37786 3.543274 12.75168 3.543274 2.513694 12.9389 3.543274 32.60606 5.37786 12.76332 0 5.37786 3.543274 25.47195 2.082564 5.37786 2.513694 0 25.30589 0 0 5.37786 5.37786 0 0 25.47195 32.60606 0 18.6138 5.37786 12.9389 13.59367 0 5.37786 18.6138 25.30589 25.30589 13.73471 45.59971 5.37786 0
2.082564 18.6138 25.47195 18.6138 12.76332 0 38.07033 0 0 12.76332 2.082564 18.6138 0 25.47195 25.47195 2.513694 25.47195 2.082564 2.082564 0 0 18.6138 0 2.513694 30.90269 32.60606 30.90269 0 30.90269 3.543274 5.37786 30.90269 5.37786 5.37786 3.543274 2.513694 5.37786 0 32.60606 4.084158 0 25.47195 1.353585 5.37786 18.6138 0 32.60606 0 5.37786 3.543274 1.353585 0 25.47195 0 5.37786 38.07033 0 0 18.6138 12.76332 38.07033 25.47195 5.37786 0 1.055361 2.082564 12.9389 0 1.353585 0 0 45.59971 0 0
0 5.37786 5.37786 1.667578 5.37786 0 30.90269 0 5.37786 5.37786 32.60606 25.30589 18.6138 25.47195 45.59971 2.082564 18.6138 0 2.082564 2.513694 0 25.47195 16.35678 2.513694 2.082564 5.37786 2.035196 1.353585 5.37786 1.353585 5.37786 5.37786 0 30.90269 0 30.90269 5.37786 5.37786 5.37786 0 5.37786 2.513694 1.055361 1.055361 25.47195 25.47195 2.513694 0 3.543274 32.60606 12.9389 1.055361 12.76332 0 0 0 0 30.90269 5.37786 2.082564 5.37786 18.6138 0 25.30589 5.37786 25.47195 2.082564 25.47195 1.353585 25.47195 0 5.37786 45.59971 0
1.353585 0 5.37786 0 0 5.37786 0 0 2.082564 25.47195 2.513694 25.47195 12.76332 0 18.6138 25.47195 18.6138 2.636337 2.082564 0 0 0.7682121 5.37786 5.37786 0 18.6138 0 12.9389 25.47195 0 12.76332 10.17291 5.37786 3.543274 2.513694 5.37786 5.37786 2.513694 30.90269 0 0 1.055361 2.513694 25.47195 1.353585 18.6138 32.60606 30.90269 0 5.37786 30.90269 1.667578 0 0 12.76332 6.422021 0 0 1.055361 12.76332 25.47195 12.76332 0 0 0 12.76332 25.47195 1.353585 25.30589 18.6138 0 25.47195 0 2.082564
1.353585 1.353585 2.082564 18.6138 0 0 0 12.76332 25.30589 5.37786 25.30589 25.47195 18.6138 45.59971 18.6138 0 38.07033 0 1.353585 18.6138 1.353585 16.35678 12.9389 18.6138 1.353585 2.082564 0 5.37786 1.055361 16.35678 31.62228 0 30.90269 0 0 30.90269 6.422021 5.37786 5.37786 5.37786 5.37786 3.543274 3.543274 5.37786 2.513694 0 0 6.422021 2.513694 5.37786 2.082564 2.082564 25.30589 0 5.37786 0 0 0 2.636337 1.353585 18.6138 2.636337 38.07033 18.6138 18.6138 2.636337 12.76332 25.47195 0 10.17291 2.082564 25.47195 16.35678 0
0 0 0 0 0 18.6138 0 12.76332 0 18.6138 25.30589 25.30589 16.35678 25.85972 0 0.7682121 25.30589 16.35678 16.35678 13.7511 16.35678 0.7419939 2.513694 25.47195 5.37786 0 3.543274 0 30.90269 4.646817 2.513694 3.543274 0 32.60606 0 18.6138 5.37786 0 18.6138 30.90269 5.37786 3.543274 30.90269 1.353585 0 2.513694 25.47195 16.35678 0 0 0 1.667578 0 13.73471 0 0 0 0 0 13.7511 12.76332 25.47195 38.07033 16.35678 25.30589 2.082564 18.6138 18.6138 2.636337 25.85972 25.47195 13.59367 2.082564 25.30589
0 0 0 0 0 30.90269 18.6138 2.082564 25.47195 1.055361 1.353585 18.6138 1.353585 25.85972 13.7511 2.636337 25.30589 25.30589 25.85972 25.85972 0 25.47195 0 0 1.055361 0 1.055361 18.6138 4.646817 2.513694 5.37786 30.90269 30.90269 0 0 18.6138 0 5.37786 5.37786 5.37786 3.543274 3.543274 3.543274 2.513694 0 0.7419939 18.6138 0 1.353585 18.6138 0 18.6138 2.636337 0 0 0 0 2.636337 6.422021 38.07033 2.513694 25.85972 12.76332 0 13.59367 25.47195 25.47195 18.6138 12.76332 25.47195 25.47195 2.082564 12.76332 12.76332
0 0 0 0 18.6138 18.6138 2.513694 2.082564 0 0 2.082564 0 0.7419939 0 38.07033 1.353585 18.6138 32.60606 0.1691981 0 45.59971 2.513694 0 0 5.37786 2.082564 1.353585 12.75168 0 2.513694 1.353585 2.513694 18.6138 30.90269 25.47195 0 2.082564 0 0 0 5.37786 0 2.082564 2.082564 0 0 2.513694 18.6138 16.35678 0 12.76332 2.636337 0 6.422021 0 0 0 0 12.76332 0 1.055361 2.636337 0 38.07033 25.30589 25.30589 18.6138 0 25.47195 25.47195 2.636337 18.6138 0 0
0 12.9389 1.353585 0 0 12.75168 5.37786 2.636337 0 1.353585 0 25.47195 18.6138 0 0 0 12.76332 0 25.47195 25.47195 18.6138 0 1.353585 2.513694 0 5.37786 0 0 12.9389 30.90269 5.37786 5.37786 5.37786 0 0 32.60606 18.6138 5.37786 5.37786 5.37786 2.082564 0 2.082564 0 16.35678 18.6138 1.353585 0 5.37786 2.082564 0 0 2.082564 0 0 0 0 0.7682121 0 12.76332 18.6138 12.76332 13.59367 38.07033 12.9389 25.30589 25.30589 0 0 18.6138 18.6138 0 0 5.37786
0 0 0 18.6138 25.30589 0 18.6138 25.30589 0.7419939 18.6138 0 2.082564 0 0.7419939 25.47195 18.6138 38.07033 25.47195 25.47195 18.6138 2.636337 1.353585 0 1.353585 2.513694 30.90269 0 5.37786 5.37786 1.667578 1.353585 2.082564 2.082564 0 0 0 2.082564 0 0 0 32.60606 1.353585 0 0 2.636337 12.76332 0.7419939 0.7419939 0 2.513694 0 16.35678 0 0 0 0 0 0 0 0 1.353585 25.30589 0 0 6.422021 2.082564 13.59367 9.941549 18.6138 18.6138 25.30589 18.6138 32.60606 25.30589
0 10.17291 0 2.636337 2.636337 12.76332 2.082564 2.636337 2.636337 0 18.6138 18.6138 2.636337 16.35678 25.85972 38.07033 12.76332 16.35678 0 25.47195 16.35678 1.353585 0 1.353585 2.513694 0 0 0 5.37786 18.6138 2.636337 30.90269 0 0 0 0 18.6138 5.37786 0 5.37786 0 0 0 2.513694 2.082564 0 0 2.513694 0 4.084158 12.9389 0 2.082564 0 2.082564 0 0 5.37786 0 0 12.76332 1.353585 0 18.6138 16.35678 25.30589 0.7419939 0 12.76332 0 18.6138 2.082564 25.30589 25.30589
0 10.17291 0 0 0 2.636337 25.30589 0.7419939 12.76332 25.30589 38.07033 0 13.7511 16.35678 13.7511 13.7511 25.30589 13.7511 12.76332 16.35678 0 0 25.47195 0 3.543274 6.422021 12.75168 0 1.055361 25.30589 0 25.30589 25.47195 0 0 0 2.082564 0 2.082564 5.37786 0 2.636337 0.7419939 0 0 0 32.60606 25.47195 0 0 25.47195 0 0 0 0 0 0 0 13.73471 18.6138 18.6138 25.47195 12.9389 16.35678 0 12.76332 25.47195 25.30589 0 0 1.353585 0 12.76332 0
1.353585 0 0 12.75168 0 25.47195 2.082564 2.082564 0 0 2.636337 0 12.76332 12.76332 16.35678 0.7419939 25.47195 25.47195 18.6138 2.636337 2.636337 2.082564 5.37786 16.35678 5.37786 30.90269 12.76332 5.37786 0 25.30589 25.30589 2.636337 0 1.353585 0 0 5.37786 18.6138 0 0 0 0 2.513694 0 18.6138 18.6138 2.082564 0.7419939 9.941549 5.37786 12.76332 0 0 0 6.422021 0 0 0 5.37786 2.636337 0 5.37786 30.90269 0 2.636337 2.082564 2.636337 16.35678 16.35678 25.30589 25.47195 0 18.6138 18.6138
18.6138 18.6138 0 12.76332 0 0 0 0 0 0 0 2.636337 9.941549 25.30589 0 12.76332 2.082564 25.47195 0 0 5.37786 2.636337 0 25.47195 1.353585 0 0 3.543274 0 2.082564 2.636337 25.30589 16.35678 16.35678 0 5.37786 32.60606 0 2.082564 0 0 0 0 2.636337 1.353585 0 0 2.082564 16.35678 0 16.35678 0 6.422021 0.7419939 0 0 0 2.513694 0 0 0 0 16.35678 0 0.7419939 13.7511 2.636337 0.7682121 18.6138 2.636337 0 18.6138 2.513694 0
2.513694 18.6138 0 12.75168 0 0 0 0 0 0 0 25.30589 12.76332 13.7511 0 12.76332 25.30589 25.30589 0 0 18.6138 0 25.30589 5.37786 5.37786 6.422021 6.422021 2.636337 0 18.6138 0 25.47195 18.6138 16.35678 0.7682121 0 0.7682121 5.37786 16.35678 2.636337 0 0 16.35678 1.353585 0 2.082564 0 0 4.084158 0 12.75168 1.353585 0.7419939 0 0 0 0 0 0 2.513694 0.7682121 0 0 0.7419939 16.35678 16.35678 13.7511 0 25.85972 6.422021 18.6138 0 0 0
18.6138 6.422021 0 10.35225 0 0 0 0 0 0 0 30.90269 16.35678 13.7511 0 12.76332 2.636337 18.6138 0 0 0 0 2.082564 16.35678 0 0 6.422021 6.422021 2.082564 2.636337 0.7419939 25.30589 25.30589 2.082564 5.37786 0.7682121 0 0 0 0 0 0 1.353585 0 2.082564 0 0 0 0 12.9389 0 0 0 0 0 0 0 0 0 2.513694 0 0 2.513694 0 0 0.7419939 0 0.7419939 2.636337 42.78967 13.73471 25.85972 2.513694 45.59971
0 0 18.6138 0 6.422021 0 0 0 0 0.7419939 0.7419939 18.6138 16.35678 16.35678 13.7511 0 2.636337 18.6138 0 0 0 16.35678 0 2.636337 0 0 2.636337 5.37786 0 18.6138 18.6138 1.353585 2.082564 1.353585 0 0 0 0 0 0 5.37786 0.7419939 0 16.35678 0 0 0 0 0 0 2.082564 0 0 0 0.7419939 0.7419939 0 0 0 0.7419939 0 16.35678 0 16.35678 16.35678 0 0 0.7419939 0 2.082564 12.76332 0 25.47195 0.7419939
12.76332 12.76332 5.37786 13.73471 0 0 0 0 0.7419939 0.7419939 0.7419939 2.636337 12.76332 0 12.76332 0.7419939 0 0 0 0 2.636337 0 2.082564 0 2.082564 0 5.37786 2.636337 0 3.543274 0 2.082564 0 2.082564 12.76332 0 0 0 0 0 0 0 0 0 0 0 0 0 0 0 0 0 0 0 0 0 0.7419939 0.7419939 0 0 0 0.7419939 0 0.7419939 0 12.76332 0 0 2.636337 12.76332 25.30589 16.35678 12.76332 2.513694
12.76332 16.35678 0 0 0 0 0 0 2.082564 2.636337 0.7419939 13.7511 0.7419939 13.7511 13.7511 25.30589 13.7511 13.7511 0 2.636337 18.6138 0 0 0 0 0 0 2.636337 2.636337 2.082564 18.6138 2.636337 0 0.7419939 0.7419939 0 0 0 0 0 0 0 0 0 0 0 0 0 0 0 0 0 0 0 4.084158 0 0.7419939 0.7419939 0 0 0 0.7419939 0 0 0.1691981 0 4.084158 16.35678 0 5.37786 0 25.30589 0 0
0.7419939 0 0 0 0 0 0 0 18.6138 0.7419939 16.35678 16.35678 11.9157 12.76332 11.9157 12.76332 0.7419939 2.082564 1.055361 0.7419939 0 2.636337 0 18.6138 0 0 18.6138 0 2.636337 6.422021 2.082564 16.35678 0 0 0 0.7419939 6.318024 0 16.35678 16.35678 0 0.7419939 0 0 0 0 0 0 12.76332 0 0 0 0 0 0 0 0 0.7419939 0 0 0 0 0 10.35225 0.1691981 0 0 0 12.76332 1.353585 25.30589 0 12.76332 2.636337
