rf_abgr.asc
ncols         1040
nrows         514
xllcorner     497943.03125
yllcorner     5178296
cellsize      30
NODATA_value  -9999
[rows 256 to 287 of 514, columns 666 to 739 of 1040]
9.941549 25.30589 0 16.35678 2.636337 2.636337 0 2.513694 0 10.17291 0 0 0 0.7419939 2.513694 2.513694 18.6138 0 16.35678 1.055361 1.353585 1.055361 9.941549 0 18.6138 1.055361 25.47195 16.35678 0 13.59367 25.30589 25.30589 16.35678 25.85972 25.30589 13.7511 0 25.47195 12.9389 16.35678 16.35678 2.513694 0 0 0 0.7419939 16.35678 0.7419939 0 0 0 25.47195 2.513694 0 0 12.9389 16.35678 13.59367 38.07033 0 13.7511 25.30589 0 1.353585 16.35678 30.90269 1.353585 16.35678 18.6138 13.73471 2.636337 0 0 16.35678
0 13.59367 13.59367 1.055361 2.082564 0 0.7419939 2.513694 0 5.37786 16.35678 0.7419939 0.7419939 4.084158 0.7419939 1.055361 1.055361 7.660096 45.59971 16.35678 16.35678 2.082564 12.76332 0 1.055361 1.055361 2.513694 11.9157 25.47195 9.941549 25.30589 25.30589 42.78967 12.76332 12.76332 0 0.7419939 9.941549 38.07033 0 25.47195 20.90473 0 0 0 0 0 21.08494 0 2.082564 0 2.513694 25.30589 25.47195 38.07033 0.7682121 0 1.055361 13.7511 0 0 0 0 0 16.35678 0 0 0 0 2.513694 0 0 0 5.37786
1.055361 0.7419939 2.082564 1.055361 0 0 0 0 0.7419939 0 0 0.7419939 0 13.7511 13.73471 0 9.941549 0 12.9389 0 0 16.35678 2.513694 1.353585 13.59367 12.76332 25.47195 2.636337 2.636337 25.85972 16.35678 12.76332 25.85972 25.85972 0 0 9.941549 0 25.47195 16.35678 18.6138 1.353585 0 0 0 0 5.37786 2.082564 5.37786 0 5.37786 0 2.636337 0 5.37786 0 0 0.7419939 16.35678 0.7682121 5.37786 13.7511 0 0 0 0 2.636337 2.636337 0 0 0 0 5.37786 0
12.76332 2.513694 2.513694 2.513694 0 16.35678 2.513694 0.7419939 0 0.7419939 0.7419939 0.7419939 16.35678 25.85972 0 12.76332 0.7419939 0 16.35678 25.85972 2.636337 0 13.73471 38.07033 25.30589 10.23011 0 13.59367 2.636337 0 0 18.6138 38.07033 0 0 25.30589 12.76332 0 0 21.08494 1.353585 0 0 0 0 0 0 0 0 1.353585 12.75168 2.636337 2.636337 2.513694 0 2.513694 5.37786 6.422021 0.7419939 0.7419939 0.7682121 0 0 0 0.7682121 6.422021 0 0 0 0 0 0 0 0
0 2.513694 2.513694 0 16.35678 2.513694 1.353585 2.513694 2.513694 2.513694 0 4.084158 18.0955 18.0955 0.7419939 12.76332 42.78967 0 1.353585 25.47195 25.47195 25.30589 18.6138 18.6138 25.47195 12.9389 11.58419 21.08494 2.082564 2.082564 21.08494 0 12.9389 0 0 1.055361 25.47195 13.59367 12.9389 11.58419 26.23247 0 1.353585 0.7419939 0 0 16.35678 25.47195 16.35678 32.60606 2.636337 32.60606 5.37786 30.90269 0 2.636337 5.37786 6.422021 0 16.35678 0 0 0 5.37786 0 0 4.084158 4.084158 4.473864 0 0 2.636337 2.636337 12.76332
2.513694 0 2.513694 1.353585 0.7419939 0 2.513694 0 0.7419939 0.7419939 0.7419939 16.35678 21.08494 16.35678 2.082564 0 0 0 0 1.213546 12.9389 12.76332 0 0 0 13.73471 42.78967 21.08494 17.02269 11.58419 13.59367 0 38.07033 0 25.47195 18.6138 12.76332 1.353585 1.055361 21.08494 12.76332 0 2.082564 0 0 9.941549 0 0 20.90473 9.941549 10.35225 12.76332 5.37786 0 0 0 0 0 0 1.353585 0 12.76332 0 0 0 0 0.7419939 0 0 0 0 0 0.7419939 0
0 1.353585 0.7419939 2.513694 0 1.353585 0 2.513694 16.35678 0 16.35678 0 9.941549 2.082564 0 0.7419939 2.513694 25.85972 45.59971 25.47195 0 0 0 0 45.59971 1.353585 0 13.79835 2.513694 1.055361 1.055361 0 24.84829 2.636337 0 2.636337 38.07033 2.636337 2.513694 16.35678 26.23247 0.7419939 0 2.513694 1.055361 12.76332 25.47195 26.23247 25.47195 16.35678 11.58419 1.055361 0.7419939 0.7419939 0 16.35678 16.35678 0 0.7419939 1.353585 2.636337 0.7419939 0 0 16.35678 0 0 0.7419939 0 0 0 0 0 2.636337
2.082564 32.60606 18.6138 2.513694 2.082564 2.513694 1.353585 0 38.07033 38.07033 12.9389 9.941549 0.7419939 1.055361 0 25.85972 45.59971 13.59367 0 2.636337 17.02269 0 0 25.47195 25.47195 12.76332 25.47195 25.85972 25.47195 13.59367 16.35678 1.055361 11.58419 0 2.082564 0 32.60606 10.23011 0 0 0 0 0 12.76332 21.08494 1.055361 0 0 2.082564 21.08494 0 1.055361 16.35678 16.35678 0 0 0.7682121 0 0 16.35678 0 13.73471 12.9389 0 0 0 0 0 0.7419939 0.7682121 0 0 0 5.37786
2.082564 2.082564 2.082564 0.7419939 2.513694 18.6138 1.055361 1.055361 38.07033 38.07033 1.055361 25.47195 0 0.7419939 16.35678 13.59367 2.082564 0 38.07033 13.59367 11.58419 16.35678 25.47195 26.23247 1.055361 0 13.59367 0 1.353585 2.082564 1.353585 25.47195 0 2.082564 45.59971 0 1.055361 2.082564 2.513694 26.23247 25.47195 1.055361 1.055361 2.513694 16.35678 1.055361 0 0.7419939 25.30589 2.636337 0 2.082564 4.084158 0.7419939 2.082564 0 0 0 0 0 0 16.35678 16.35678 0 0 0 12.9389 0 0.7419939 0 0 12.76332 12.76332 5.37786
2.513694 1.353585 2.082564 0 2.513694 9.941549 12.76332 1.055361 25.30589 38.07033 18.6138 0 0 0 1.353585 12.76332 12.76332 25.47195 1.055361 1.055361 1.055361 13.59367 38.07033 1.353585 18.6138 13.59367 45.59971 25.47195 2.513694 12.76332 25.47195 26.23247 11.58419 16.35678 25.47195 18.6138 0 2.513694 25.47195 1.055361 16.35678 1.055361 4.646817 0 0.7419939 1.353585 0 25.47195 16.35678 18.6138 2.513694 16.35678 0 4.084158 16.35678 0 0 0 0.7682121 16.35678 6.422021 0 0.7419939 0 0 12.9389 0 0 2.636337 0 0 12.76332 2.636337 0
0 0 0 2.082564 0.7419939 2.082564 0 1.353585 25.30589 0.7682121 12.76332 71.70134 11.9157 18.6138 9.941549 0.7419939 0 18.6138 12.9389 16.35678 2.082564 25.47195 25.47195 2.082564 16.35678 2.513694 0 2.513694 32.60606 1.055361 1.055361 17.02269 0 38.07033 25.47195 1.353585 0 0 0 16.35678 5.37786 11.9157 5.37786 0 1.353585 2.636337 5.37786 2.513694 12.9389 25.47195 12.76332 13.59367 13.7511 5.37786 12.76332 0 0 0 0.7682121 0 0 0 0.7419939 0.7419939 0 16.35678 16.35678 0.7682121 5.37786 0.7419939 10.35225 0 2.636337 6.422021
0 0.7419939 2.082564 2.082564 2.513694 2.513694 2.513694 0.7419939 0.7419939 16.35678 25.47195 2.082564 11.58419 0 38.07033 0 0 25.47195 1.353585 16.35678 0 12.76332 38.07033 0 0 1.055361 1.353585 2.513694 2.082564 26.23247 1.055361 17.02269 2.082564 25.47195 2.082564 16.35678 0 2.082564 12.76332 0 3.543274 5.37786 1.353585 0 0 1.353585 25.47195 25.47195 18.6138 13.7511 13.7511 16.35678 13.7511 5.37786 0 0 16.35678 10.35225 0 6.422021 13.7511 0 16.35678 0 28.94014 12.76332 25.85972 0 0 12.76332 0 0 0 0
30.90269 0 1.353585 0.7419939 0 0 0.7419939 0.7419939 2.513694 2.082564 1.353585 12.76332 0 0 13.59367 25.47195 1.055361 1.353585 0 1.055361 2.513694 25.47195 38.07033 18.6138 25.47195 38.07033 0 0 0 2.082564 2.082564 16.35678 1.055361 1.055361 2.636337 0 1.353585 25.47195 12.9389 0.7419939 5.37786 1.055361 0 0 25.47195 25.47195 12.76332 25.47195 25.47195 25.30589 12.9389 12.76332 1.353585 25.47195 16.35678 5.37786 4.084158 0.7419939 13.7511 0.7682121 0 5.37786 0 2.636337 0 0 12.76332 13.7511 0 12.76332 0 18.6138 0 12.76332
3.543274 3.543274 2.513694 0 2.082564 0 0 2.082564 0.7419939 2.082564 2.082564 25.47195 21.08494 17.02269 25.30589 25.47195 0 0 12.9389 2.513694 16.35678 25.47195 21.08494 38.07033 25.47195 25.47195 25.47195 0 13.79835 13.59367 2.082564 71.70134 2.082564 1.353585 0 1.055361 2.513694 25.47195 2.513694 0.7419939 0 2.082564 0 12.76332 1.055361 16.35678 2.513694 25.85972 13.59367 25.30589 12.76332 25.85972 0.7419939 0 0 16.35678 16.35678 0 11.58419 0 25.30589 0 0.7419939 0 12.76332 12.76332 12.76332 0 0 0 1.366726 12.76332 0 12.76332
3.543274 2.513694 2.082564 0.7419939 0.7419939 0 2.082564 2.513694 16.35678 0.7419939 0 0 2.082564 25.47195 38.07033 12.76332 18.6138 18.6138 25.47195 2.513694 16.35678 25.47195 17.02269 25.30589 25.47195 0 0 1.055361 11.58419 25.30589 0 0 26.23247 2.082564 12.76332 1.055361 2.513694 11.58419 5.37786 25.47195 26.23247 26.23247 2.082564 0 17.02269 16.35678 13.59367 26.23247 25.47195 1.055361 2.513694 2.082564 0 0.7419939 2.082564 16.35678 12.76332 11.58419 0 0.7419939 0 0.3243799 11.9157 0 12.76332 25.30589 12.76332 10.35225 18.6138 12.76332 0 0 12.76332 2.636337
0.7419939 0 0 2.082564 0.7419939 2.513694 2.513694 2.082564 2.082564 2.082564 0 0 0 13.59367 25.85972 0 0 2.082564 1.055361 1.055361 16.35678 26.23247 2.513694 13.59367 0 12.76332 0 0 1.055361 13.59367 26.23247 26.23247 26.23247 25.47195 1.055361 1.055361 1.055361 25.47195 9.362277 25.47195 2.082564 26.23247 1.055361 2.082564 2.082564 1.055361 71.70134 25.30589 18.6138 2.513694 0 0.7419939 0 16.35678 2.082564 0 0.3243799 2.082564 2.082564 2.082564 16.35678 1.055361 16.35678 11.58419 11.58419 0.7419939 11.58419 12.76332 16.35678 0 0 10.35225 0 16.35678
0.7419939 2.513694 2.082564 2.513694 0.7419939 2.082564 2.082564 2.513694 2.082564 0 0 0 0 11.58419 11.58419 25.47195 0 25.47195 0 12.9389 26.23247 25.47195 1.055361 25.47195 25.47195 2.636337 25.47195 30.90269 1.055361 1.353585 1.055361 25.47195 1.055361 32.60606 2.513694 32.60606 1.055361 6.422021 12.9389 1.353585 25.47195 13.59367 1.055361 26.23247 0 21.08494 25.47195 16.35678 45.59971 16.35678 16.35678 0 16.35678 16.35678 0 0 0 0 0 2.082564 2.082564 0.7419939 16.35678 0.7419939 12.76332 0.7419939 16.35678 11.9157 0 42.78967 0 0 0 12.76332
2.513694 2.513694 2.082564 2.513694 16.35678 2.513694 1.353585 2.513694 0 0 2.082564 0 0 16.35678 38.07033 45.59971 25.47195 0 0 0 1.055361 26.23247 26.23247 21.08494 38.07033 0 5.37786 32.60606 5.37786 25.47195 25.30589 32.60606 1.055361 1.055361 1.055361 1.055361 25.47195 3.543274 5.37786 25.47195 25.47195 2.082564 1.055361 1.055361 1.353585 0 0 2.082564 0.7419939 2.082564 0 2.082564 16.35678 12.76332 0 0 16.35678 2.082564 1.055361 2.513694 0.7419939 0 0 2.082564 16.35678 0.7419939 16.35678 0 16.35678 16.35678 0 0 0 0
2.082564 2.513694 2.082564 13.59367 0 2.082564 1.055361 0 0.7419939 0 2.513694 2.513694 0 12.76332 25.47195 25.47195 0 25.47195 5.37786 1.667578 21.08494 1.055361 2.082564 11.58419 13.59367 0 13.59367 1.055361 0 32.60606 25.47195 30.90269 2.513694 32.60606 5.37786 5.37786 25.47195 12.75168 25.47195 25.47195 13.59367 25.47195 38.07033 16.35678 25.47195 2.082564 2.082564 2.082564 16.35678 16.35678 12.76332 1.055361 25.30589 2.636337 16.35678 2.513694 0.7419939 1.353585 2.082564 0 0.7419939 1.353585 2.082564 0 0 1.055361 16.35678 16.35678 16.35678 0.7419939 4.084158 16.35678 0.7419939 0
2.082564 0 1.055361 0.7419939 3.543274 0 12.76332 0 0 0 0 0 2.082564 1.055361 2.082564 1.055361 25.47195 25.47195 0 38.07033 0 0 2.636337 21.08494 0 1.055361 25.47195 1.055361 32.60606 5.37786 0 12.9389 1.201908 0 25.47195 18.6138 5.37786 25.47195 25.47195 38.07033 1.055361 0 38.07033 38.07033 38.07033 9.941549 1.055361 2.082564 2.082564 2.082564 0 16.35678 1.055361 16.35678 0.7419939 2.082564 0.7419939 0 0.7419939 2.082564 16.35678 2.513694 2.082564 0.7419939 0 2.082564 0.7419939 2.082564 25.30589 16.35678 0.7419939 16.35678 8.780408 0.7419939
1.353585 1.055361 13.59367 0 0 3.543274 11.58419 0 0 0 0 0 2.513694 25.47195 17.02269 25.47195 1.055361 25.47195 1.353585 0 0 12.75168 0.7419939 2.082564 0 38.07033 1.353585 1.055361 32.60606 0 12.9389 0 12.9389 25.47195 25.47195 25.47195 1.055361 25.47195 1.055361 25.47195 38.07033 25.47195 38.07033 0 5.37786 0 12.76332 16.35678 2.513694 0 0 16.35678 16.35678 1.055361 0 16.35678 1.353585 16.35678 0 16.35678 16.35678 0.7419939 16.35678 1.055361 2.513694 0.7419939 11.58419 0 2.082564 16.35678 0.7419939 0.7419939 16.35678 0.7419939
1.353585 0 2.513694 2.513694 0 3.543274 2.513694 0 0 0 0 0 25.30589 2.513694 1.055361 16.35678 25.47195 25.47195 25.47195 0 25.47195 2.636337 5.37786 1.055361 1.055361 38.07033 26.23247 25.47195 25.47195 32.60606 1.055361 19.52386 1.055361 25.47195 13.59367 25.47195 16.35678 2.513694 16.35678 2.513694 25.47195 16.35678 16.35678 10.23011 25.47195 0 0 12.75168 12.9389 0 0 2.082564 18.6138 1.055361 0.7419939 0 0 16.35678 10.17291 0 0.7682121 2.513694 6.422021 0 30.90269 0 2.513694 0.7419939 0 2.082564 16.35678 2.513694 0.7419939 16.35678
0 3.543274 2.082564 2.513694 5.37786 2.513694 2.082564 2.082564 0 0 25.01204 25.30589 11.58419 25.47195 1.055361 25.47195 1.055361 1.055361 42.78967 38.07033 0 0 2.513694 1.055361 2.513694 1.055361 25.47195 25.47195 0 25.47195 25.47195 1.353585 2.082564 1.055361 25.47195 25.47195 25.47195 21.08494 1.055361 1.353585 25.47195 2.513694 25.47195 25.47195 0.7419939 0.7419939 10.35225 0 0 0 0 10.23011 16.35678 0.7419939 0 2.513694 0 1.353585 0 0 2.636337 0 2.082564 2.082564 2.513694 2.513694 12.76332 0 0 16.35678 2.082564 16.35678 2.513694 2.082564
2.082564 3.543274 2.082564 2.082564 3.543274 5.37786 19.52386 0.7419939 2.513694 3.543274 12.76332 1.055361 71.70134 1.055361 5.37786 0 25.47195 26.23247 1.055361 13.79835 25.47195 25.47195 0 1.055361 5.37786 0 0 0 25.47195 5.37786 2.082564 25.47195 1.055361 2.513694 25.47195 1.055361 1.055361 12.9389 12.9389 0 1.353585 1.055361 2.513694 2.513694 25.47195 2.082564 0 16.35678 0 12.9389 0.7682121 5.37786 0 1.353585 0 0 16.35678 12.76332 0 10.17291 0 0 18.6138 0 12.76332 0 0 10.17291 0 0 0 0.7419939 16.35678 16.35678
2.082564 3.543274 2.513694 2.082564 0 2.513694 0.7419939 2.5615 0.7419939 0 13.59367 26.23247 32.60606 21.08494 13.59367 25.47195 32.60606 2.513694 71.70134 26.23247 1.055361 25.47195 3.543274 1.353585 0 30.90269 5.37786 2.513694 30.90269 0 0 1.353585 1.055361 26.23247 2.513694 5.37786 3.543274 0 30.90269 16.35678 2.513694 2.513694 2.513694 1.055361 1.353585 2.513694 16.35678 0 2.082564 16.35678 12.9389 0 42.78967 0 1.353585 2.513694 11.58419 25.30589 2.513694 0.7419939 0.7419939 1.353585 0.7682121 0 10.35225 0.7682121 0 0 2.636337 0 0 16.35678 16.35678 0.7419939
3.543274 2.082564 0.7419939 2.513694 3.543274 0 30.90269 0 0 25.30589 26.23247 1.353585 1.055361 16.35678 1.055361 25.47195 12.9389 0 1.055361 1.055361 12.76332 32.60606 0 1.055361 38.07033 12.9389 0 12.9389 5.37786 0 2.513694 2.513694 1.353585 16.35678 25.47195 1.353585 1.353585 1.055361 2.513694 2.082564 16.35678 1.055361 25.47195 2.513694 1.667578 16.35678 1.353585 0 2.513694 2.082564 16.35678 0 0 0 25.47195 16.35678 25.47195 2.082564 16.35678 0 2.513694 0 0.7419939 16.35678 16.35678 16.35678 8.780408 16.35678 0 0 0.7419939 1.353585 16.35678 6.318024
2.513694 3.543274 0 0.7419939 0 2.082564 0 0 2.082564 25.30589 25.47195 2.636337 32.60606 13.59367 17.02269 25.47195 0 2.513694 12.76332 0 1.055361 26.23247 3.543274 32.60606 1.055361 2.513694 0 16.35678 0 42.78967 4.646817 30.90269 0 2.513694 32.60606 2.082564 2.513694 2.513694 2.082564 16.35678 2.082564 16.35678 1.055361 2.082564 0 5.37786 25.47195 0 1.055361 2.082564 16.35678 1.353585 1.353585 0 1.353585 2.513694 2.513694 0 16.35678 0 16.35678 16.35678 16.35678 0 0 0 0 0 0 0 0 2.513694 2.513694 0
2.513694 2.082564 0.7419939 2.513694 0 2.513694 0 5.37786 2.513694 2.082564 30.90269 1.353585 0 26.23247 0 2.082564 0 25.47195 25.47195 2.513694 0 0 1.055361 13.59367 1.055361 3.543274 0 12.9389 4.646817 2.548234 12.9389 12.9389 1.353585 0 0 0 2.513694 2.513694 2.513694 0.7419939 2.513694 5.37786 5.37786 2.513694 30.90269 0 1.055361 0 2.513694 16.35678 0 0 0 0.7419939 2.082564 16.35678 0 1.353585 2.513694 0 2.513694 16.35678 2.636337 16.35678 0.7419939 0 1.353585 0.7419939 0 0 0.7419939 0 0 0
5.37786 2.082564 2.513694 1.353585 0.7419939 2.513694 13.59367 2.513694 25.47195 3.543274 1.055361 1.353585 1.353585 25.47195 1.055361 13.59367 17.02269 1.055361 26.23247 71.70134 25.47195 25.47195 25.47195 25.47195 32.60606 12.76332 3.543274 2.513694 0 2.513694 12.9389 25.47195 5.37786 25.47195 3.543274 0 1.055361 0 1.353585 2.513694 12.9389 12.9389 12.9389 25.47195 1.055361 0 0.7419939 16.35678 0 16.35678 16.35678 0 0 0 0 2.082564 1.353585 0 16.35678 1.353585 0.7419939 4.646817 0 0 0 0.7419939 0 0 0 0 0.7419939 0 0.7419939 0.7419939
42.78967 16.35678 3.543274 0.7419939 16.35678 2.082564 1.055361 1.055361 1.055361 25.47195 1.055361 1.055361 16.35678 1.055361 21.08494 13.59367 2.082564 17.02269 13.59367 13.59367 25.47195 16.35678 25.47195 25.47195 1.055361 32.60606 12.7846 2.513694 12.9389 5.37786 32.60606 12.9389 12.9389 32.60606 25.47195 0 32.60606 25.47195 25.47195 32.60606 30.90269 1.353585 5.37786 25.47195 25.47195 12.9389 12.9389 2.513694 0 2.513694 2.082564 0 1.353585 0.7419939 0 0 9.941549 16.35678 2.082564 0 1.353585 0 32.60606 25.30589 16.35678 0.7419939 2.513694 0.7419939 0 0.7419939 0 0.7419939 2.513694 2.082564
0 42.78967 30.90269 5.37786 3.543274 1.055361 1.055361 2.082564 25.47195 25.47195 1.055361 32.60606 1.055361 13.59367 17.02269 26.23247 13.59367 13.59367 2.082564 1.055361 1.055361 2.513694 1.055361 13.59367 25.47195 12.9389 0 2.513694 2.513694 1.055361 1.055361 1.055361 10.23011 2.513694 32.60606 25.30589 0 2.082564 1.353585 1.055361 16.35678 2.513694 5.37786 12.9389 0 42.78967 25.47195 12.9389 16.35678 16.35678 1.353585 0 2.082564 2.082564 2.513694 16.35678 2.082564 2.513694 0 12.76332 0.7419939 16.35678 2.513694 11.58419 16.35678 2.082564 0.7419939 0.7419939 0.7419939 0 0 0.7419939 2.513694 0.7419939
12.9389 0 12.9389 42.78967 0.7419939 13.79835 1.055361 25.47195 1.055361 25.47195 32.60606 32.60606 25.47195 0 25.47195 1.353585 17.02269 26.23247 26.23247 12.76332 16.35678 1.055361 1.353585 25.47195 4.646817 3.543274 2.513694 30.90269 0 12.9389 2.082564 25.30589 2.513694 16.35678 0 30.90269 30.90269 3.543274 16.35678 2.513694 12.9389 25.01204 0 25.47195 0 25.47195 25.47195 16.35678 12.75168 0 0 0 0 0 0 2.513694 16.35678 1.353585 16.35678 0 2.513694 0 12.9389 16.35678 0.7419939 0.7419939 2.082564 0.7419939 0.7419939 0.7419939 0 0.7419939 2.513694 16.35678
