rf_abgr.asc
ncols         1040
nrows         514
xllcorner     497943.03125
yllcorner     5178296
cellsize      30
NODATA_value  -9999
[rows 384 to 415 of 514, columns 296 to 369 of 1040]
0 0 0 0 0 38.07033 25.30589 0 18.6138 0 2.082564 12.9389 0 0 38.07033 25.85972 45.59971 0 1.055361 1.055361 1.055361 25.47195 25.47195 2.513694 30.90269 2.513694 32.60606 2.513694 5.37786 12.9389 3.543274 5.37786 0 0 5.37786 0 5.37786 1.353585 25.30589 26.23247 1.055361 2.082564 2.082564 5.37786 0 5.37786 0 0 0 0 0 30.90269 12.9389 2.513694 5.37786 2.513694 0 0 5.37786 0 5.37786 18.6138 5.37786 0 5.37786 1.055361 32.60606 1.353585 3.543274 2.513694 5.37786 5.37786 1.353585 32.60606
0 0 12.76332 0 0 2.513694 0.7419939 0 0 1.353585 2.082564 45.59971 13.7511 25.47195 25.47195 25.47195 1.353585 1.353585 25.47195 1.055361 2.513694 13.59367 25.47195 1.353585 5.37786 0 3.543274 25.47195 5.37786 3.543274 0 0 0 0 0 12.76332 5.37786 0 0 0 1.055361 2.082564 2.082564 2.082564 0 0 0 0 2.513694 0 0 0 12.9389 25.47195 1.353585 12.9389 0 5.37786 0 0 0 5.37786 5.37786 25.47195 25.47195 12.76332 0 0 12.9389 12.9389 5.37786 0 5.37786 1.055361
0 2.636337 1.75055 25.30589 0 2.636337 18.6138 1.353585 0 16.35678 25.47195 10.35225 12.76332 25.47195 0.7419939 12.76332 1.353585 0 1.055361 2.513694 1.353585 2.513694 1.055361 32.60606 0 30.90269 2.513694 3.543274 0 0 0 0 5.37786 0 0 2.636337 0 0 5.37786 0 25.30589 0 0 0 1.055361 1.055361 0 25.85972 3.543274 0 2.513694 5.37786 5.37786 38.07033 12.76332 10.17291 5.37786 5.37786 0 2.636337 0 38.07033 5.37786 25.47195 5.37786 5.37786 5.37786 5.37786 2.513694 12.9389 0 0 0 2.636337
0 25.30589 13.73471 2.513694 2.636337 18.6138 0 25.47195 0.7682121 0.7682121 38.07033 0 1.055361 16.35678 1.353585 0 0 2.513694 30.90269 1.353585 32.60606 1.055361 0 2.513694 25.47195 30.90269 6.422021 0 0 0 0 0 0 0 0 3.543274 3.543274 5.37786 0 0 13.59367 0 3.543274 3.543274 0 18.6138 38.07033 38.07033 0 30.90269 2.636337 0 0 12.76332 6.422021 5.37786 0 5.37786 5.37786 18.6138 5.37786 38.07033 5.37786 25.47195 0 1.353585 0 5.37786 0 5.37786 13.73471 0 5.37786 0
0 25.30589 0.7419939 2.636337 25.30589 2.082564 0 16.35678 0 1.353585 1.353585 32.60606 2.513694 16.35678 1.055361 1.055361 1.353585 25.47195 12.9389 1.055361 25.47195 0 2.513694 0 0 0 0 0 0 0 0 0 0 0 3.543274 3.543274 3.543274 5.37786 5.37786 0 2.636337 0 0 2.636337 5.37786 0 13.59367 0 25.47195 2.082564 0 5.37786 0 0 2.636337 13.73471 0 5.37786 25.47195 25.47195 0 2.513694 25.47195 25.47195 1.055361 2.513694 1.055361 0 2.513694 13.78264 0 13.73471 0 0
2.636337 12.76332 2.636337 0 2.513694 0 0 0 16.35678 1.353585 18.6138 0 2.082564 1.055361 1.055361 25.47195 32.60606 13.59367 32.60606 0 25.47195 0 0 16.35678 32.60606 5.37786 5.37786 0 0 5.37786 0 0 0 0 5.37786 5.37786 0 25.30589 0 5.37786 0 0 0 3.543274 25.47195 0 2.636337 5.37786 0 18.6138 0 0 3.543274 0 0 0 0 2.513694 0 0 5.37786 18.6138 25.47195 5.37786 5.37786 1.353585 5.37786 1.667578 6.422021 6.422021 0 5.37786 3.543274 25.01204
0 1.353585 12.76332 0.7419939 18.6138 18.6138 2.636337 45.59971 25.47195 1.353585 2.636337 2.513694 2.082564 1.055361 0 0 0 5.37786 12.76332 12.76332 0 0 30.90269 3.543274 5.37786 5.37786 3.543274 38.07033 5.37786 5.37786 5.37786 3.543274 0 3.543274 5.37786 5.37786 0 5.37786 2.082564 0 0 6.422021 3.543274 1.055361 1.055361 1.055361 13.59367 1.055361 2.513694 25.47195 25.47195 5.37786 32.60606 0 0 5.37786 0 0 0 0 3.543274 0 5.37786 5.37786 32.60606 12.9389 25.01204 0 0 5.37786 5.37786 30.90269 0 2.636337
2.636337 2.513694 12.76332 12.76332 0 12.76332 16.35678 18.6138 2.636337 2.082564 0 0 2.082564 2.082564 1.055361 2.082564 1.353585 30.90269 12.75168 0 5.37786 38.07033 5.37786 0 0 6.422021 0 12.9389 5.37786 5.37786 38.07033 0 3.543274 2.082564 25.47195 12.76332 0 38.07033 25.47195 0 2.513694 0 0 2.082564 25.30589 9.362277 1.055361 16.35678 25.47195 0 2.636337 0 0 0 0 5.37786 2.636337 12.76332 0 0 12.76332 25.47195 12.76332 30.90269 5.37786 3.543274 0 5.37786 5.37786 0 3.543274 0 3.543274 0
18.6138 0.7419939 13.59367 13.7511 25.47195 0.7419939 1.353585 2.513694 1.353585 2.636337 0 13.59367 5.37786 3.543274 2.082564 1.055361 2.513694 1.201908 0 5.37786 0 38.07033 5.37786 5.37786 12.9389 0 12.9389 0 3.543274 5.37786 5.37786 5.37786 0 0 5.37786 0 5.37786 25.47195 25.47195 18.6138 5.37786 5.37786 0 0 0 0 13.59367 25.47195 25.47195 0 0 0 1.353585 0 0 0 0 38.07033 5.37786 1.667578 1.353585 1.055361 1.055361 1.667578 3.543274 0 0 0 0 0 0 5.37786 3.543274 30.90269
16.35678 25.47195 0 0 0 0 2.082564 0 0 2.513694 3.543274 0 2.636337 18.6138 2.636337 1.667578 0 0 0 12.9389 5.37786 0 5.37786 3.543274 38.07033 5.37786 12.9389 3.543274 5.37786 0 5.37786 0 0 5.37786 5.37786 2.636337 5.37786 2.513694 38.07033 18.6138 5.37786 25.47195 18.6138 6.422021 2.636337 5.37786 2.082564 1.055361 25.47195 0.7419939 0.7682121 0.7682121 0 16.35678 0 0 2.636337 30.90269 0 5.37786 3.543274 0 5.37786 0 2.636337 0 0 0 3.543274 0 5.37786 0 2.636337 5.37786
2.636337 38.07033 16.35678 0 25.47195 0 1.353585 0 0 2.513694 2.082564 3.543274 5.37786 0 0 0 0 5.37786 5.37786 0 0 5.37786 0 30.90269 0 0 3.543274 6.422021 0 2.513694 5.37786 5.37786 2.636337 5.37786 18.6138 2.636337 5.37786 12.76332 25.47195 25.47195 12.9389 25.47195 0 0 5.37786 3.543274 3.543274 25.30589 18.6138 0 6.422021 0 0.7682121 12.9389 0 0 2.513694 0 25.47195 0 5.37786 0 5.37786 0 5.37786 5.37786 0 0 0 0 5.37786 5.37786 30.90269 0
2.082564 0.7682121 25.30589 0 18.6138 5.37786 0 0 0 0 0 5.37786 5.37786 0 4.084158 0 2.513694 0 6.422021 5.37786 2.513694 0 0 0 0 0 0 5.37786 5.37786 1.353585 0 25.47195 5.37786 0 0 0 0 2.636337 25.30589 1.353585 0.7682121 25.47195 25.47195 0 0 2.636337 12.76332 0 1.055361 0.7419939 1.353585 0 16.35678 0 0 1.353585 12.9389 12.9389 1.353585 0 0 5.37786 5.37786 2.636337 0 0 0 0 0 0 0 5.37786 5.37786 0
0 13.7511 18.6138 13.7511 0 2.082564 0 2.513694 25.30589 0 0 5.37786 0 0 0 2.636337 2.513694 0 0 0 0 0 0 12.9389 0 0 2.636337 0 0 2.082564 2.636337 0 18.6138 2.636337 5.37786 0 0 12.76332 0 0 18.6138 0 13.73471 25.47195 0 0 0.7419939 25.30589 25.47195 0 16.35678 0 0 30.90269 6.422021 5.37786 13.73471 1.353585 16.35678 1.353585 2.636337 0 0 2.636337 1.055361 0 38.07033 5.37786 5.37786 2.636337 0 0 0 0
16.35678 12.76332 0 2.636337 0.7419939 0 25.30589 45.59971 0 2.082564 2.513694 2.513694 0 0 0 5.37786 1.353585 0 0 0 0 0 12.9389 0 0 12.75168 0 18.6138 0 0 5.37786 0 0 0 0 0 0 0 25.47195 0 5.37786 0 0 0 0 0 0 0 5.37786 25.30589 13.59367 0 0 1.353585 1.353585 0 0 0 0 0 0 30.90269 0 0 0 5.37786 1.353585 0 5.37786 5.37786 5.37786 0 0 0
0 18.6138 16.35678 0 0 0.7419939 2.513694 2.082564 0 5.37786 2.513694 0 0 0 0 3.543274 2.513694 2.513694 0 0 0 5.37786 0 0 0 0 25.30589 0 0 2.082564 12.76332 0 0 1.667578 25.30589 0 0 2.636337 16.35678 18.6138 2.513694 45.59971 0.7682121 25.47195 0 0 0.7419939 0 1.055361 1.055361 1.055361 6.422021 0 0 12.9389 2.513694 32.60606 0 0 0 0 0 0 18.6138 0 5.37786 25.30589 5.37786 25.47195 0 2.636337 2.636337 0 0
13.7511 1.353585 0.7419939 0.7419939 1.055361 2.082564 2.513694 0 0 0 10.17291 0 0 0 0 0 0 0 0 0 12.76332 2.513694 12.75168 0.7419939 0 12.76332 12.76332 0 25.30589 0 13.73471 0 18.6138 12.76332 2.636337 5.37786 0 0 0 0 25.47195 0 13.73471 5.37786 0 0 13.59367 25.30589 2.082564 25.30589 1.055361 0 6.422021 0 0 25.47195 18.6138 2.513694 0 6.422021 0 0 25.47195 6.422021 5.37786 0 0 0 0 0 0 2.082564 0 0
0 0 0 0 0 0.7419939 0 0 0 0 0 0 6.422021 2.513694 5.37786 0 0 0 0 12.76332 2.513694 2.513694 0 12.76332 12.76332 0 12.76332 18.6138 2.636337 18.6138 0 18.6138 0 0 2.636337 0 5.37786 0 0 12.9389 25.85972 1.353585 25.47195 0 2.636337 1.201908 0 25.30589 0 0 0 10.17291 10.17291 0 0 2.636337 2.082564 0 0 0 25.47195 0 0 0 18.6138 0 18.6138 0 0 0 30.90269 2.636337 0 12.76332
2.636337 0 0 0 0 6.422021 0 0 0 0 1.353585 5.37786 2.513694 0 0 12.76332 0 12.76332 0 2.082564 2.082564 0 0 0 25.47195 12.76332 25.30589 0 12.76332 0 0 2.636337 0 0 2.082564 5.37786 18.6138 0 5.37786 13.7511 25.47195 13.73471 0 0 0 2.636337 2.636337 0 0 2.082564 25.47195 12.76332 0 25.47195 2.082564 0 0 0 0 0 25.47195 13.59367 0 2.636337 0 0 5.37786 5.37786 0 5.37786 0 6.422021 0 16.35678
16.35678 0 0 0 18.6138 18.6138 0 2.513694 0 0 0 0 0 0 2.513694 12.76332 11.58419 0 1.353585 2.513694 0 0 16.35678 0 2.082564 25.30589 12.76332 0 2.636337 0 5.37786 2.636337 0 0 0 0 18.6138 2.636337 0 45.59971 0 6.422021 0 0 0 0 0 0 0 0.7419939 25.30589 6.422021 0.7419939 1.353585 5.37786 0 1.353585 0 0 0 0 1.353585 2.636337 13.7511 0 0 0 0 2.636337 0 0 0 2.636337 12.9389
16.35678 42.78967 18.6138 5.37786 5.37786 25.30589 5.37786 18.6138 0 2.513694 0 0 5.37786 0 0 12.76332 0 1.353585 0 0 0 0 25.47195 0 0 0 2.636337 0 2.636337 0 0 0 0 25.30589 0 0 0 0 25.30589 12.76332 12.76332 25.47195 13.73471 5.37786 0 0 0 0 0.7419939 0 12.76332 10.23011 2.636337 2.636337 0 2.636337 0 0 0 12.76332 0 2.636337 12.76332 0 0 0 0 2.636337 0 0 0 0 0 0
0.7419939 16.35678 12.9389 18.6138 18.6138 0 5.37786 0 18.6138 18.6138 0 2.513694 16.35678 38.07033 25.30589 9.941549 0.7419939 12.9389 30.90269 0 2.636337 2.082564 2.082564 1.353585 25.30589 0 25.30589 0 2.636337 0 0 0 0 0 0 10.17291 0.7682121 25.85972 25.47195 5.37786 18.6138 16.35678 38.07033 0 2.636337 2.636337 0 12.76332 0 0 25.30589 38.07033 0 0 0 0 0 2.636337 12.76332 0 0 1.353585 12.76332 0 0 16.35678 0 0 0 25.47195 0 0 38.07033 18.6138
10.35225 16.35678 11.58419 10.17291 0 0 25.30589 0 0 0 12.9389 6.422021 0 25.30589 25.30589 18.6138 1.353585 0.7419939 0.7419939 0.7419939 2.082564 25.47195 0 32.60606 0 5.37786 2.513694 0 25.30589 0 0 0 0 2.636337 0 12.75168 25.85972 12.76332 0 18.6138 12.9389 25.85972 25.47195 25.30589 0 0 11.58419 0 0 12.76332 12.76332 38.07033 25.30589 12.76332 0 0 2.636337 12.76332 10.35225 10.35225 1.055361 0 0.7419939 0 18.99662 0 0 6.422021 0 0 25.47195 42.78967 0 2.513694
5.37786 12.76332 11.58419 18.6138 0 12.76332 12.76332 18.6138 6.422021 12.9389 0 12.9389 25.47195 0 0 12.76332 2.082564 0.7419939 0 2.082564 5.37786 0 0.7419939 1.353585 0 12.76332 12.76332 0 0 0 0 0 12.76332 13.73471 38.07033 12.76332 0.7419939 2.636337 12.76332 0 0 0 25.85972 18.6138 13.73471 2.636337 0 18.6138 25.30589 25.30589 25.30589 0 2.636337 0 12.76332 0 0 18.6138 0 0 0 2.082564 0 12.9389 0 0 0 0 2.513694 18.6138 38.07033 16.35678 0 2.082564
25.30589 12.76332 9.941549 32.60606 16.35678 25.47195 2.082564 25.47195 0 2.513694 2.636337 1.353585 0 0 25.47195 2.082564 2.513694 4.646817 0 1.353585 0 0 0 2.082564 0.7419939 0 0 0 0 0 0 0 0 38.07033 12.76332 2.636337 12.76332 12.76332 0 38.07033 38.07033 13.7511 0 2.636337 0 0 0 2.636337 25.30589 0 18.6138 0 12.76332 2.636337 0 0 0 5.37786 0 0 2.636337 12.76332 1.353585 0 0 0 0 0.7419939 2.636337 38.07033 25.47195 0 0 5.37786
2.636337 25.47195 0.7419939 2.513694 2.513694 0 2.082564 0 0 0 0.7419939 25.47195 25.47195 13.59367 0 2.082564 0 0.7419939 2.082564 0 25.47195 25.47195 0 2.513694 18.6138 12.76332 0 0 0 0 0 0 38.07033 0.1691981 13.7511 6.422021 25.30589 2.636337 38.07033 12.76332 25.30589 25.30589 0 6.422021 0 6.422021 0 0 0.7419939 0 1.055361 0.7419939 0 5.37786 0 2.513694 0 2.513694 6.422021 0 5.37786 1.667578 12.76332 12.76332 0 0 0 0 0 12.9389 0 5.37786 0 12.76332
18.6138 25.30589 2.636337 0 0 10.17291 0 0.7419939 0.7419939 2.082564 2.082564 25.47195 9.941549 18.6138 5.37786 0 0 2.513694 2.082564 25.47195 16.35678 16.35678 25.30589 25.85972 0 0 12.76332 0 0 0 0.7419939 12.76332 42.78967 12.76332 25.30589 12.76332 25.30589 38.07033 12.76332 2.636337 25.30589 0 0 0 0 12.76332 0 0 0 0 25.30589 2.513694 0 18.6138 6.422021 12.76332 25.47195 12.76332 12.76332 0 0 12.76332 12.76332 12.76332 0 0 0.7419939 0.7419939 0.7419939 2.082564 18.6138 2.636337 2.082564 0
25.30589 12.76332 0.7419939 10.17291 0 0 0 0 0 0 1.667578 12.76332 12.76332 0 0 6.422021 0.7419939 1.353585 25.47195 45.59971 0 1.055361 25.47195 25.85972 25.85972 12.76332 18.0955 13.73471 13.73471 25.85972 25.85972 38.07033 38.07033 38.07033 0 12.76332 25.30589 38.07033 25.30589 0 0 0 6.422021 0 2.636337 0 0 0 0 0 0 2.082564 12.76332 0 25.30589 12.76332 0 12.76332 5.37786 25.47195 0 25.30589 12.76332 25.47195 12.76332 0.7419939 25.30589 25.30589 12.9389 25.85972 2.636337 0 1.353585 0
25.47195 2.082564 0.7419939 10.17291 0 0.7419939 0 0 0 1.353585 0 2.082564 0 6.422021 2.082564 42.78967 0.7419939 2.082564 2.513694 0 0 0 32.60606 2.513694 13.7511 0.7419939 0 11.9157 0 13.7511 12.76332 42.78967 0 38.07033 18.6138 13.7511 12.76332 0 12.76332 0 2.636337 2.636337 6.422021 0 0 0 0 0 0 0 0 2.082564 25.30589 38.07033 25.30589 0 18.6138 16.35678 0 0 0.7419939 12.76332 38.07033 18.6138 2.636337 12.76332 0.7419939 1.353585 0.7419939 18.6138 5.37786 0 2.636337 2.636337
12.76332 12.76332 0 0 0.7682121 0.7419939 0 0 0 0 0 6.422021 0 5.37786 0 0 6.422021 0 2.513694 1.055361 2.513694 1.055361 25.47195 25.30589 0 0.7419939 2.636337 12.76332 0 12.76332 38.07033 13.7511 0.1691981 38.07033 12.76332 12.76332 0 6.422021 0 0 0 0 0 0 2.636337 0 0 6.422021 0 0 0.7419939 12.76332 18.6138 38.07033 25.30589 25.47195 2.082564 0 6.422021 0.7419939 18.6138 10.17291 1.353585 2.082564 0 1.201908 25.30589 38.07033 0.7419939 12.76332 1.353585 2.082564 2.636337 18.6138
0 0 16.35678 0 0.7419939 0.7419939 0 0 0 0 2.636337 2.636337 25.30589 2.082564 1.353585 6.422021 0 0 0 2.082564 2.082564 1.055361 0 25.85972 12.76332 12.76332 12.76332 25.30589 0.7419939 0 11.9157 13.7511 13.7511 38.07033 13.7511 2.636337 0 0 0 0 12.76332 0 0 0 2.636337 0 5.37786 18.6138 2.636337 0 0 2.082564 1.055361 12.76332 38.07033 12.9389 0 0 0 0.7419939 2.636337 25.47195 12.76332 2.082564 0 6.422021 0 1.055361 1.353585 0 16.35678 2.636337 0 2.636337
0 16.35678 0 2.513694 0.7419939 0 0 0 0 6.422021 2.636337 2.636337 0 25.47195 2.513694 0 0 2.082564 2.082564 2.082564 0 45.59971 16.35678 0 0 0 0 0 0 0 0 12.76332 13.7511 10.35225 12.76332 0.7419939 12.75168 0 0 0.7419939 0 12.76332 0 0 0 6.422021 0 0 0 0 0 0.7419939 0 0 12.76332 18.6138 0 0 6.422021 2.513694 12.76332 18.6138 25.30589 0 18.6138 12.76332 12.76332 0 18.6138 13.7511 0 6.422021 0.7682121 0
0 0.7419939 10.17291 0 0 0 0 0 0 0 0 2.082564 2.636337 5.37786 5.37786 0 0.7419939 1.353585 2.082564 1.055361 0 2.513694 2.513694 0.3243799 0.7419939 12.76332 0 0.7419939 12.76332 0 0 0 0 13.7511 0.7682121 10.17291 0 0 0.7419939 0 12.76332 12.76332 0 0 0 0 2.636337 0 0 0 0 0 1.353585 12.76332 12.76332 16.35678 0 0 6.422021 0.7419939 12.76332 18.6138 25.30589 2.082564 2.636337 0 0 13.7511 12.76332 16.35678 0 0 0 0
