rf_psme.asc
ncols         1040
nrows         514
xllcorner     497943.03125
yllcorner     5178296
cellsize      30
NODATA_value  -9999
[rows 210 to 244 of 514, columns 308 to 384 of 1040]
0 7.954816 11.97089 0 7.954816 10.18255 11.03054 0 7.954816 2.891386 0 11.45366 0 0 0 7.43333 1.177504 0 26.99561 13.69254 25.45443 6.866666 7.954816 0 0 0 11.03054 0 0 0 0 11.97089 0 15.56711 0 0 0 0 2.891386 26.99561 11.45366 7.43333 13.69254 11.45366 4.218753 7.82166 0 0 0 0 7.43333 10.18255 0 0 0 0 0 0 0 0 25.45443 5.03402 0 0 0 0 0 0 0 1.201908 1.959701 0 6.866666 0 0 0 0
10.39768 0 10.39768 0 10.39768 0 0 0 0 0 0 7.954816 0 11.03054 7.954816 26.99561 23.80675 0 11.45366 7.954816 11.45366 0 10.39768 0 6.866666 0 0 0 10.18255 0 0 0 3.084738 13.69254 10.18255 0 0 7.82166 11.45366 0 0 0 0 7.82166 0 0 1.177504 0 0 0 0 0 5.03402 0 0 0 0 0 0 0 34.09981 0 0 10.39768 49.15682 0 0 0 0 9.208659 0 0 5.03402 0 0 0 10.18255
11.97089 4.592378 9.208659 0 6.711735 0 23.80675 11.45366 0 10.39768 0 11.03054 0 11.45366 0 23.80675 0 11.45366 23.80675 0 25.45443 10.39768 0 0 6.866666 0 6.866666 0 0 6.866666 0 0 11.45366 6.866666 11.45366 6.866666 7.82166 1.177504 11.45366 26.99561 0 0 0 26.99561 6.866666 2.891386 0 0 0 0 10.39768 0 0 0 5.03402 0 0 5.03402 0 0 0 1.201908 0 0 0 0 10.39768 0 0 0 1.201908 1.177504 5.03402 0 5.03402 7.82166 0
2.891386 6.711735 2.891386 1.201908 9.208659 7.954816 23.80675 7.954816 2.891386 7.954816 11.45366 11.45366 11.45366 11.45366 11.45366 26.99561 11.45366 0 0 25.45443 25.45443 26.99561 0 25.45443 0 0 0 0 0 10.39768 0 0 0 0 1.79773 0 0 0 0 0 11.45366 0 9.208659 13.69254 0 10.39768 10.39768 0 6.866666 1.79773 0 0 0 34.09981 0 0 0 0 0 5.03402 0 0 0 0 0 0 0 0 0 6.866666 0 5.03402 0 0 0 0 0
7.954816 7.954816 7.954816 7.954816 7.954816 2.891386 0 2.891386 2.891386 7.954816 7.43333 7.43333 0 0 7.954816 0 0 7.954816 0 0 25.45443 25.13387 0 25.45443 0 0 1.082393 25.45443 0 0 25.45443 0 0 25.45443 0 6.866666 0 10.18255 1.082393 0 10.18255 0 0 0 25.45443 1.082393 10.18255 13.69254 0 0 0 0 0 0 0 0 0 19.17133 0 0 0 0 0 0 0 10.39768 0 5.03402 9.208659 0 0 7.954816 26.99561 7.82166 0 0 0
2.891386 7.954816 2.871488 2.891386 13.69254 10.18255 7.954816 2.891386 7.954816 10.18255 7.954816 0 7.43333 0 7.954816 0 7.954816 0 11.45366 0 23.80675 11.45366 0 25.45443 11.45366 6.866666 0 0 25.45443 11.45366 6.866666 23.80675 13.69254 26.99561 25.45443 15.56711 10.39768 10.18255 6.866666 10.39768 1.79773 10.39768 10.39768 1.79773 26.99561 0 25.45443 25.45443 0 0 26.99561 0 26.99561 5.03402 0 0 0 0 0 0 5.03402 1.79773 0 0 1.082393 0 0 0 0 25.45443 26.99561 0 1.177504 0 26.99561 26.99561 0
0 2.891386 7.954816 1.201908 11.45366 7.954816 13.69254 10.18255 13.69254 9.208659 11.45366 13.69254 11.45366 25.45443 7.954816 7.954816 7.954816 0 0 2.891386 11.45366 2.891386 0 25.45443 10.39768 0 11.45366 0 0 1.177504 0 25.45443 11.45366 11.45366 6.866666 10.39768 10.18255 13.69254 0 6.866666 0 7.954816 0 25.45443 0 26.99561 7.954816 11.03054 7.82166 25.13387 25.13387 0 10.18255 26.99561 10.18255 0 0 11.03054 0 0 0 25.45443 0 0 0 0 0 0 0 26.99561 0 0 0 26.99561 1.082393 0 0
7.954816 0 0 2.891386 32.66012 13.69254 7.954816 7.954816 0 10.18255 23.80675 11.45366 0 0 0 1.682971 2.891386 2.891386 0 7.954816 2.891386 19.9279 11.45366 25.45443 7.954816 0 7.954816 25.45443 7.82166 11.03054 0 6.866666 0 1.201908 0 0 0 0 25.45443 0 0 0 0 0 6.866666 49.15682 1.082393 11.03054 7.43333 26.99561 7.43333 10.18255 10.18255 1.201908 23.52067 1.082393 1.201908 0 10.18255 10.18255 26.99561 0 5.03402 0 0 0 0 0 5.03402 0 1.177504 7.82166 0 1.177504 0 0 0
2.891386 10.18255 7.954816 7.954816 0 25.98155 11.45366 11.45366 11.45366 7.954816 0 25.45443 0 11.45366 2.891386 0 7.954816 0 26.99561 32.66012 23.80675 25.13387 23.80675 2.234179 23.80675 0 25.13387 25.45443 0 25.45443 9.208659 7.954816 13.69254 0 11.45366 13.69254 25.45443 25.45443 0 25.13387 25.45443 10.18255 11.03054 6.866666 11.03054 7.82166 1.177504 0 1.177504 7.82166 1.682971 0 7.82166 1.682971 0 0 0 7.43333 26.99561 26.99561 7.43333 0 0 0 5.03402 7.82166 5.03402 0 6.624132 0 7.954816 2.891386 7.954816 5.03402 0 5.03402 0
0 0 32.66012 7.954816 0 0 11.45366 11.45366 7.954816 10.18255 0 10.18255 25.45443 25.98155 0 0 11.45366 0 23.80675 0 0 0 0 4.218753 25.13387 11.45366 23.80675 25.13387 25.45443 11.03054 10.18255 26.99561 10.18255 10.39768 49.15682 49.15682 25.45443 0 0 25.45443 25.45443 1.79773 6.866666 26.99561 26.99561 7.82166 10.18255 10.18255 5.03402 0 0 0 26.99561 2.891386 0 0 7.82166 7.43333 1.177504 1.682971 7.82166 0 0 7.82166 0 0 7.82166 0 0 0 0 0 0 0 0 7.82166 0
0 7.954816 2.891386 7.954816 7.954816 11.45366 11.45366 13.69254 11.45366 11.45366 11.03054 11.45366 11.45366 11.45366 11.45366 2.891386 0 11.03054 0 23.80675 0 25.45443 0 4.218753 4.218753 7.954816 11.45366 0 11.45366 25.13387 0 7.82166 7.160135 11.45366 25.45443 11.45366 25.45443 25.45443 1.79773 25.45443 7.954816 10.18255 25.13387 25.45443 10.18255 25.45443 1.201908 13.69254 7.82166 0 0 0 0 1.177504 11.45366 0 1.177504 7.43333 1.177504 0 0 0 5.03402 0 0 0 0 0 0 0 0 0 0 0 1.177504 0 0
7.954816 7.954816 7.954816 32.66012 7.954816 0 11.45366 11.45366 11.03054 0 13.69254 49.15682 25.45443 1.082393 10.39768 2.891386 25.45443 0 0 25.13387 10.18255 25.45443 0 1.682971 0 25.45443 0 7.954816 23.80675 23.80675 10.18255 25.45443 25.45443 7.954816 26.99561 25.45443 25.13387 15.56711 10.39768 2.234179 25.13387 25.13387 15.56711 10.18255 25.45443 7.82166 0 0 0 0 1.177504 0 26.99561 0 0 26.99561 11.03054 0 0 7.43333 7.43333 0 0 0 0 0 0 0 0 2.891386 7.82166 1.177504 7.954816 1.177504 0 0 0
0 7.954816 7.954816 0 2.891386 11.45366 0 11.45366 0 7.954816 13.69254 32.66012 11.45366 49.15682 2.234179 1.082393 2.891386 0 11.45366 26.99561 11.45366 26.99561 6.866666 26.99561 25.45443 7.954816 7.954816 0 0 7.954816 11.45366 25.45443 0 25.13387 1.082393 25.13387 2.891386 0 1.682971 1.682971 26.99561 10.53546 23.80675 10.18255 6.866666 7.954816 11.45366 10.18255 7.82166 0 0 0 11.45366 0 7.3013 0 1.201908 7.82166 5.03402 26.99561 7.954816 0 0 0 1.177504 0 0 0 0 0 0 2.891386 7.954816 2.891386 0 2.891386 0
7.954816 11.45366 0 2.891386 0 0 25.13387 7.954816 11.45366 11.45366 11.45366 1.082393 2.234179 11.45366 11.45366 11.45366 0 0 7.954816 26.99561 26.99561 11.45366 1.201908 11.97089 32.66012 0 7.954816 7.43333 0 4.218753 7.43333 0 11.45366 25.13387 7.43333 0 26.99561 11.03054 7.43333 7.954816 1.682971 7.43333 0 15.56711 10.18255 0 0 26.99561 0 10.18255 25.45443 0 0 0 26.99561 26.99561 7.43333 0 7.43333 0 0 0 2.436103 0 0 0 0 0 2.891386 0 0 0 0 0 0 0 0
23.80675 23.80675 2.891386 7.954816 7.954816 7.954816 11.45366 11.45366 25.45443 11.03054 2.891386 11.45366 0 25.98155 11.45366 2.891386 2.891386 0 7.954816 26.99561 26.99561 11.03054 11.45366 49.15682 23.52067 0 0 7.954816 0 0 1.682971 4.218753 4.218753 0 7.43333 26.99561 26.99561 0 7.43333 7.43333 26.99561 26.99561 25.45443 2.234179 0 10.18255 1.177504 1.79773 7.82166 0 5.03402 0 0 5.03402 0 1.177504 26.99561 34.09981 0 0 0 0 0 1.959701 0 0 0 0 0 0 0 0 0 0 0 0 0
0 0 2.891386 10.53546 32.66012 2.631206 6.711735 11.45366 6.866666 7.954816 6.866666 11.45366 11.45366 6.866666 25.45443 11.45366 11.45366 7.954816 2.234179 23.80675 26.99561 25.45443 11.45366 11.45366 11.45366 0 0 0 4.218753 0 10.18255 0 7.43333 7.43333 1.682971 1.682971 26.99561 26.99561 25.45443 7.82166 11.03054 1.682971 1.682971 0 1.201908 11.03054 25.45443 7.82166 0 7.82166 1.201908 0 1.082393 0 26.99561 26.99561 26.99561 26.99561 7.43333 1.082393 0 0 7.3013 0 1.959701 0 0 0 2.436103 1.177504 0 0 0 0 0 0 0
0 7.954816 0 23.80675 32.66012 23.80675 2.891386 0 7.954816 11.45366 7.954816 1.177504 0 23.52067 11.03054 11.45366 25.45443 23.80675 11.45366 0 0 11.45366 13.69254 11.45366 11.45366 23.52067 2.234179 0 7.954816 25.13387 26.99561 7.82166 7.82166 25.45443 0 4.218753 7.43333 7.43333 10.18255 11.45366 7.43333 26.99561 1.682971 26.99561 32.66012 6.866666 1.177504 26.99561 49.15682 7.82166 1.177504 1.201908 0 34.09981 0 0 0 26.99561 0 14.4737 5.03402 7.3013 7.3013 0 0 0 7.3013 0 0 7.3013 0 2.891386 0 0 0 0 1.177504
0 7.954816 7.954816 25.13387 0 0 0 11.45366 7.954816 11.45366 23.80675 11.45366 23.52067 11.45366 0 11.45366 0 11.45366 0 26.99561 23.80675 23.80675 23.80675 10.18255 23.52067 6.866666 2.234179 7.954816 7.954816 11.45366 13.69254 7.43333 26.99561 25.45443 25.45443 1.682971 7.43333 26.99561 26.99561 26.99561 7.43333 1.682971 1.682971 1.682971 4.218753 1.201908 1.79773 1.177504 1.177504 0 0 0 0 5.03402 0 10.18255 25.45443 26.99561 26.99561 34.09981 0 0 1.959701 0 0 0 0 0 0 0 0 0 0 0 0 0 1.201908
7.954816 7.954816 7.954816 23.80675 7.954816 0 0 25.13387 11.45366 0 11.45366 0 25.45443 11.45366 25.45443 11.45366 1.082393 0 11.45366 23.80675 25.45443 25.45443 11.45366 25.45443 25.13387 0 1.201908 25.98155 23.52067 1.177504 11.45366 0 26.99561 26.99561 25.45443 1.682971 7.43333 7.43333 26.99561 0 1.682971 4.218753 26.99561 1.682971 7.43333 0 25.45443 25.45443 0 25.45443 11.45366 0 5.03402 0 0 1.201908 7.82166 0 0 0 0 5.03402 0 0 0 7.3013 1.959701 0 0 0 0 0 0 0 0 0 7.3013
13.69254 0 26.99561 25.13387 7.954816 0 23.80675 23.80675 25.13387 11.45366 11.45366 23.52067 23.52067 0 25.45443 11.45366 11.45366 0 0 23.80675 25.13387 25.45443 1.082393 25.45443 25.45443 6.866666 10.39768 49.15682 49.15682 0 0 25.45443 0 26.99561 26.99561 11.45366 26.99561 0 4.218753 0 7.43333 1.682971 26.99561 26.99561 26.99561 0 1.082393 0 0 26.99561 0 26.99561 0 5.03402 1.082393 26.99561 0 26.99561 7.954816 5.03402 5.03402 5.03402 5.03402 0 5.03402 1.959701 1.959701 1.959701 0 0 0 0 2.891386 0 2.891386 7.82166 0
11.45366 0 25.13387 7.954816 7.954816 7.954816 0 11.45366 23.80675 11.45366 7.160135 0 11.45366 11.45366 11.45366 0 0 0 4.218753 0 0 25.13387 25.45443 25.13387 25.45443 25.45443 15.56711 11.45366 10.18255 11.45366 26.99561 0 11.45366 11.45366 0 0 0 0 0 0 7.43333 1.177504 25.45443 0 1.682971 1.682971 0 1.082393 11.45366 26.99561 0 25.45443 0 0 0 0 25.45443 1.177504 0 0.6339925 10.18255 0 9.208659 5.03402 0 1.959701 0 7.3013 7.3013 0 0 0 7.954816 0 0 0 5.51158
2.234179 2.891386 2.891386 0 7.954816 7.954816 25.13387 6.624132 25.13387 25.45443 23.80675 23.80675 26.99561 25.13387 19.9279 0 0 0 1.682971 7.954816 7.954816 7.954816 2.234179 25.13387 1.082393 0 11.03054 25.45443 0 6.866666 26.99561 26.99561 11.45366 10.18255 7.82166 11.45366 10.18255 10.18255 0 7.43333 7.43333 1.682971 7.954816 7.43333 1.682971 26.99561 4.218753 1.082393 6.866666 26.99561 6.866666 1.79773 26.99561 26.99561 25.45443 10.18255 10.18255 26.99561 0 7.954816 0 26.99561 0 0 0 0 0 1.959701 1.201908 0 0 0 0 0 5.03402 0 0
15.56711 11.97089 0 7.954816 1.177504 10.18255 7.954816 0 0 23.80675 0 11.45366 26.99561 32.66012 23.80675 7.43333 7.82166 7.954816 7.954816 7.43333 7.954816 0 0 1.082393 0 25.45443 1.082393 25.45443 1.201908 26.99561 7.954816 25.45443 7.82166 26.99561 0 5.03402 1.177504 0 7.3013 26.99561 7.954816 11.45366 7.82166 6.624132 0 1.682971 7.954816 11.45366 7.43333 26.99561 1.082393 0 0 0 0 25.45443 6.866666 5.03402 1.201908 26.99561 1.201908 0 0 5.03402 5.03402 5.03402 0 7.3013 7.3013 0 0 0 0 0 2.891386 0 0
11.03054 10.39768 0 2.891386 10.18255 7.954816 0 7.954816 25.13387 0 1.201908 11.45366 0 0 26.99561 26.99561 25.45443 0 4.218753 0 7.954816 7.954816 26.99561 11.45366 0 11.45366 25.13387 25.45443 0 1.79773 10.18255 0 1.79773 11.03054 10.18255 0 0 11.03054 0 0 26.99561 0 26.99561 0 7.82166 25.45443 1.682971 0 0 6.866666 25.13387 0 0 26.99561 25.45443 0 5.03402 26.99561 0 0 1.082393 0 0 0 0 0 7.3013 7.3013 0 0 23.52067 0 2.891386 0 0 1.177504 2.234179
11.45366 0 7.954816 2.891386 7.954816 7.954816 1.177504 0 6.624132 2.234179 1.201908 2.891386 7.82166 23.80675 0 7.954816 7.43333 7.43333 0 0 7.43333 6.624132 11.03054 1.682971 1.682971 7.954816 11.45366 11.45366 0 25.45443 26.99561 10.18255 0 1.177504 1.177504 10.18255 0 5.03402 1.201908 0 0 0 1.682971 26.99561 26.99561 0 26.99561 1.177504 1.682971 10.53546 1.201908 26.99561 0 0 1.201908 10.18255 0 1.201908 0 5.03402 10.18255 0 7.43333 13.69254 0 0 0 0 0 1.201908 7.3013 0 0 7.43333 7.954816 0 0
7.954816 23.80675 25.45443 2.234179 0 0 0 0 0 0 0 7.43333 25.45443 23.80675 23.80675 25.45443 11.45366 10.18255 7.954816 11.45366 0 25.45443 11.45366 6.624132 0 0 0 10.18255 25.45443 13.69254 10.18255 13.69254 1.79773 15.56711 7.82166 1.79773 0 0 49.15682 0 6.624132 7.43333 1.682971 10.18255 7.43333 10.53546 26.99561 1.682971 1.682971 7.82166 1.201908 13.69254 25.13387 0 26.99561 26.99561 11.45366 26.99561 7.82166 5.03402 7.82166 0 25.45443 26.99561 5.03402 0 0 0 0 0 0 11.45366 1.201908 1.201908 0 0 7.954816
7.954816 7.954816 23.80675 0 23.52067 10.53546 7.954816 2.234179 2.891386 25.13387 23.52067 0 7.43333 2.234179 26.99561 0 26.99561 7.954816 11.03054 0 1.682971 7.43333 6.624132 6.624132 7.954816 26.99561 7.954816 10.53546 25.45443 1.79773 25.45443 0 0 7.82166 26.99561 0 10.18255 1.082393 0 26.99561 10.53546 26.99561 1.682971 1.177504 10.53546 0 26.99561 0 7.82166 4.218753 11.03054 11.03054 2.234179 0 6.866666 5.03402 0 25.45443 0 1.082393 1.082393 0 0 26.99561 5.03402 1.201908 5.03402 0 26.99561 0 0 0 25.98155 0 0 7.3013 2.891386
25.45443 0 7.82166 6.866666 25.98155 7.954816 0 0 0 23.80675 2.891386 7.954816 7.43333 1.201908 25.45443 26.99561 26.99561 2.891386 5.03402 7.954816 1.177504 0 7.954816 7.43333 11.03054 6.624132 1.682971 7.954816 25.13387 0 25.13387 26.99561 0 7.82166 26.99561 0 25.45443 26.99561 1.082393 26.99561 10.53546 6.624132 7.43333 7.43333 1.382869 26.99561 26.99561 7.82166 0 32.66012 1.177504 0 1.177504 0 1.082393 25.45443 26.99561 0 26.99561 11.03054 7.43333 0 7.43333 7.43333 25.45443 5.03402 0 7.43333 0 2.578582 0 1.201908 7.43333 0 0 0 0
0 0 25.45443 25.45443 10.18255 0 1.177504 1.177504 0 23.80675 0 26.99561 25.13387 2.234179 11.03054 25.45443 26.99561 1.201908 6.866666 7.954816 10.18255 1.177504 11.03054 7.954816 6.624132 1.682971 7.43333 26.99561 7.954816 1.082393 26.99561 26.99561 7.82166 7.82166 7.954816 0 0 0 1.177504 1.177504 0 6.624132 26.99561 0 26.99561 1.682971 7.43333 25.45443 7.954816 10.18255 1.177504 6.624132 7.954816 7.43333 1.082393 1.082393 7.43333 26.99561 7.43333 7.954816 7.43333 25.45443 7.82166 0 10.18255 0 0 54.20686 0 10.18255 10.18255 10.18255 1.177504 1.177504 0 0 0
11.03054 26.99561 7.954816 10.18255 10.18255 23.52067 0 0 1.082393 15.56711 0 0 10.18255 0 7.82166 1.201908 11.03054 13.69254 0 11.03054 7.954816 1.177504 7.954816 6.624132 26.99561 0 4.218753 10.18255 7.954816 11.03054 0 0 0 0 5.03402 7.82166 26.99561 26.99561 26.99561 0 7.43333 0 6.624132 0 26.99561 0 1.177504 0 1.082393 26.99561 10.18255 1.177504 0 26.99561 7.43333 26.99561 1.201908 7.954816 10.18255 10.18255 0 7.43333 0 1.959701 1.201908 5.03402 0 0 10.18255 10.18255 2.234179 10.18255 2.891386 7.43333 0 0 0
7.954816 25.45443 7.43333 1.177504 7.82166 0 11.45366 6.624132 11.03054 7.954816 7.954816 7.43333 7.954816 7.954816 11.45366 0 0 7.954816 7.954816 26.99561 7.82166 0 7.954816 0 0 0 25.45443 4.218753 26.99561 26.99561 7.43333 7.43333 1.082393 0 26.99561 0 0 25.45443 7.82166 0 0 1.201908 1.177504 4.218753 26.99561 4.218753 7.43333 1.177504 2.436103 1.201908 10.18255 6.624132 7.82166 0 26.99561 0 26.99561 10.18255 6.866666 10.18255 0 0 0 0 10.18255 1.201908 0 0 25.45443 26.99561 1.177504 23.52067 7.43333 0 0 1.201908 13.69254
7.43333 25.45443 0 7.82166 25.13387 0 0 6.624132 2.891386 23.52067 7.954816 7.82166 7.43333 0 11.45366 25.13387 25.45443 26.99561 0 7.82166 13.69254 0 7.43333 0 7.43333 6.624132 1.177504 7.954816 1.682971 7.43333 7.82166 0 1.682971 26.99561 26.99561 10.18255 1.201908 26.99561 1.682971 26.99561 0 10.18255 7.43333 26.99561 26.99561 7.43333 7.43333 0 1.177504 0 26.99561 1.201908 7.43333 6.624132 7.954816 0 23.52067 7.82166 0 10.18255 0 25.45443 1.201908 26.99561 0 10.18255 1.201908 26.99561 11.45366 1.201908 34.09981 11.45366 1.201908 0 0 7.954816 5.03402
25.45443 26.99561 7.82166 5.03402 7.43333 6.624132 0 6.624132 7.43333 0 6.866666 0 7.43333 0 0 23.80675 25.13387 25.45443 26.99561 1.79773 1.79773 25.45443 5.03402 2.436103 7.954816 0 0 0 7.43333 0 0 26.99561 4.218753 26.99561 0 7.43333 26.99561 25.45443 7.43333 1.177504 5.03402 10.18255 0 26.99561 6.624132 0 26.99561 0 26.99561 26.99561 26.99561 7.43333 0 7.954816 0 7.43333 7.954816 11.03054 26.99561 0 26.99561 25.45443 0 5.03402 0 0 0 0 26.99561 0 0 26.99561 54.20686 2.891386 0 5.51158 7.43333
1.177504 0 11.03054 0 1.177504 0 0 0 7.954816 7.954816 11.45366 0 7.43333 10.53546 25.13387 1.082393 25.13387 25.45443 25.45443 7.82166 26.99561 5.03402 1.201908 1.201908 0 1.177504 0 7.954816 7.43333 7.82166 7.82166 0 26.99561 26.99561 7.43333 26.99561 1.201908 1.177504 7.82166 7.43333 0 1.177504 5.03402 26.99561 7.43333 0 0 7.82166 26.99561 7.82166 0 0 0 10.18255 0 7.43333 1.177504 7.954816 2.234179 26.99561 26.99561 0 0 10.18255 26.99561 10.18255 1.201908 10.18255 26.99561 0 23.52067 1.201908 1.201908 0 0 2.891386 1.201908
1.082393 11.03054 10.18255 0 1.177504 6.624132 26.99561 2.891386 2.891386 26.99561 26.99561 25.13387 11.45366 11.03054 0 7.954816 2.891386 23.80675 25.45443 6.866666 10.18255 10.18255 0 0 1.201908 1.201908 26.99561 7.43333 26.99561 7.43333 7.954816 26.99561 7.954816 1.682971 7.954816 7.43333 5.03402 5.03402 7.954816 0 0 2.234179 10.18255 26.99561 7.43333 0 0 7.43333 0 0 7.160135 0 0 0 0 0 7.82166 1.682971 1.177504 5.03402 5.03402 0 0 7.82166 0 0 0 6.866666 0 1.201908 1.201908 1.201908 0 0 0 7.954816 0
