rf_psme.asc
ncols         1040
nrows         514
xllcorner     497943.03125
yllcorner     5178296
cellsize      30
NODATA_value  -9999
[rows 280 to 314 of 514, columns 616 to 692 of 1040]
0 10.18255 26.99561 0 0 0 0 0 6.866666 0 1.177504 6.624132 1.082393 0 7.43333 7.82166 26.99561 1.201908 10.18255 0 7.43333 1.682971 0 7.43333 26.99561 0 0 0 7.82166 1.682971 6.624132 0 0 0 0 7.82166 34.09981 1.177504 1.177504 1.177504 0 0 1.177504 1.177504 1.177504 1.177504 0 1.177504 1.177504 0 0 0 1.177504 0 11.03054 1.177504 2.891386 3.449665 2.891386 0 0 1.682971 0 6.624132 0 26.99561 0 1.177504 0 1.682971 7.43333 26.99561 0 7.82166 10.18255 5.03402 0
26.99561 26.99561 0 0 0 0 0 0 0 0 0 7.954816 26.99561 1.177504 0 0 7.43333 1.177504 6.624132 0 7.43333 26.99561 26.99561 1.177504 1.177504 1.177504 7.43333 0 0 1.682971 0 0 0 0 0 0 0 1.177504 7.43333 26.99561 11.45366 0 0 11.45366 7.954816 2.753913 2.891386 0 0 0 0 0 2.891386 1.177504 0 0 5.03402 0 0 0 1.682971 7.82166 7.43333 7.954816 7.43333 26.99561 1.201908 0 7.43333 7.43333 11.45366 0 0 7.43333 1.082393 1.201908 6.866666
7.43333 26.99561 0 0 0 0 0 0 0 1.201908 0 26.99561 7.43333 0 1.177504 10.18255 0 1.177504 1.177504 6.624132 0 7.43333 0 1.177504 1.177504 1.177504 0 0 13.69254 0 1.682971 7.954816 0 0 0 0 26.99561 13.69254 0 26.99561 26.99561 5.03402 26.99561 0 0 0 0 0 2.436103 0 1.177504 0 0 2.891386 11.03054 0 0 0 0 0 26.99561 13.69254 0 0 4.218753 26.99561 0 1.177504 11.45366 0 7.43333 1.682971 0 0 7.43333 1.177504 0
0 7.954816 7.43333 0 0 0 0 0 0 0 0 13.69254 6.866666 0 34.09981 10.18255 1.201908 7.43333 0 0 7.43333 0 7.82166 7.43333 26.99561 7.82166 0 2.148766 0 0 1.177504 6.624132 2.891386 0 5.03402 10.18255 1.177504 0 26.99561 7.43333 10.18255 0 0 0 0 0 0 1.082393 1.177504 13.69254 1.177504 0 2.891386 1.177504 11.03054 1.177504 0 0 1.177504 0 5.03402 7.82166 0 1.682971 0 0 0 26.99561 26.99561 1.177504 0 0 7.43333 0 7.43333 0 11.03054
0 1.177504 1.201908 0 0 0 0 0 0 0 0 0 0 0 0 0 0 0 7.3013 7.3013 0 1.959701 0 0 1.177504 0 0 0 0 0 0 0 0 0 0 0 0 0 0 7.82166 1.177504 5.03402 0 0 0 0 0 0 1.082393 11.45366 0 0 1.177504 7.82166 2.891386 1.177504 0 1.177504 26.99561 0 7.43333 7.82166 7.82166 26.99561 7.43333 0 4.218753 7.43333 1.682971 0 26.99561 26.99561 26.99561 26.99561 0 11.45366 0
0 0 26.99561 2.891386 0 0 0 13.69254 0 0 0 0 0 0 0 0 0 0 0 9.208659 0 0 7.3013 0 0 5.03402 0 0 13.69254 13.69254 0 0 0 25.45443 0 5.03402 0 0 11.03054 0 0 0 34.09981 10.18255 9.208659 10.18255 0 0 1.201908 1.201908 2.234179 7.954816 0 2.891386 7.954816 0 7.43333 7.43333 7.43333 26.99561 7.43333 7.43333 7.954816 7.43333 6.624132 0 0 4.218753 0 0 26.99561 7.954816 26.99561 26.99561 7.43333 0 0
0 0 0 0 10.53546 0 0 0 0 0 0 0 0 0 0 0 0 0 0 0 0 0 0 0 5.03402 0 0 0 0 0 34.09981 0 34.09981 0 0 0 7.82166 0 5.03402 0 0 7.82166 5.03402 5.03402 0 0 0 7.3013 1.201908 1.201908 7.3013 2.234179 5.03402 0 0 7.43333 7.43333 0 26.99561 26.99561 7.43333 0 7.43333 0 4.218753 1.682971 0 0 0 7.43333 7.43333 1.177504 7.43333 0 26.99561 1.201908 0
5.03402 0 6.624132 0 0 1.177504 9.208659 0 0.2178176 0 0 0 0 0 0 0 0 0 0 0 0 0 0 0 0 0 5.03402 0 0 0 0 0 0 0 0 10.18255 7.82166 0 0 0 0 1.201908 0 0 7.82166 1.201908 0 0 1.082393 2.234179 1.201908 0 1.201908 2.234179 2.891386 10.53546 7.43333 26.99561 7.43333 26.99561 0 0 26.99561 10.18255 26.99561 7.82166 4.218753 1.682971 1.682971 11.45366 7.954816 7.43333 7.82166 26.99561 0 0 1.177504
7.43333 2.436103 1.177504 0 0 0 0 0 0 0 0 0 0 0 0 0 0 0 0 0 0 0 0 0 0 0 0 0 0 0 0 0 7.82166 0 0 34.09981 0 0 0 0 0 1.201908 0 0 0 0 0 5.03402 26.99561 26.99561 1.201908 1.082393 1.082393 1.082393 1.082393 1.201908 10.53546 0 0 1.201908 0 26.99561 7.43333 1.201908 0 2.436103 7.82166 0 0 0 1.177504 1.177504 1.201908 1.201908 10.18255 6.866666 0
5.03402 26.99561 1.177504 1.177504 0 1.682971 0 0 0 1.682971 0 26.99561 7.43333 0 0 0 0 0 0 0 0 1.201908 5.03402 0 0 0 0 0 0 7.82166 0 0 7.82166 0 7.43333 1.177504 0 0 7.954816 1.177504 1.177504 7.43333 1.201908 11.03054 7.954816 5.03402 0 0 0 1.082393 1.201908 1.082393 1.201908 0 0 1.201908 26.99561 0 0 1.201908 11.03054 0 0 7.3013 11.03054 26.99561 0 0 0 0 1.201908 1.177504 0 0 1.177504 1.177504 10.18255
7.43333 10.18255 0 0 0 0 0 7.43333 26.99561 7.43333 7.43333 1.682971 7.43333 13.69254 0 0 0 0 0 0 0 5.03402 0 5.03402 0 9.208659 0 5.03402 11.03054 0 7.954816 0 13.69254 5.03402 1.177504 0 0 1.177504 0 1.177504 1.682971 1.177504 1.177504 11.03054 0 0 0 26.99561 1.082393 1.082393 1.201908 0 0 5.03402 14.4737 1.082393 26.99561 0 7.43333 0 0 0 7.3013 0 0 11.45366 26.99561 0 0 11.03054 0 0 5.03402 0 0 0 0
26.99561 7.43333 7.954816 7.954816 7.43333 0 0 0 0 0 0 7.82166 0 0 0 0 0 2.891386 0 0 2.891386 7.43333 14.4737 0 0 0 9.208659 0 7.82166 11.03054 5.03402 0 1.201908 7.3013 1.201908 0 0 1.177504 0 0 0 0 1.177504 7.954816 0 7.82166 0 0 26.99561 7.3013 1.201908 0 0 26.99561 0 1.201908 26.99561 1.082393 26.99561 0 0 0 0 10.18255 0 10.18255 10.18255 0 1.177504 7.82166 11.03054 6.866666 0 0 0 7.954816 0
7.43333 0 6.624132 7.43333 7.43333 7.43333 0 0 0 0 0 0 0 0 0 0 7.43333 10.53546 0 0 0 0 0 26.99561 0 0 0 0 0 0 0 0 0 0 0 1.201908 7.3013 10.18255 7.82166 7.82166 0 0 0 7.82166 0 0 0 11.03054 0 0 7.43333 1.201908 1.201908 26.99561 0 1.201908 0 26.99561 26.99561 26.99561 0 49.15682 0 7.82166 0 1.177504 26.99561 0 1.201908 0 5.03402 7.43333 0 7.43333 0 0 0
7.43333 7.43333 0 7.82166 7.43333 1.682971 26.99561 0 0 0 0 0 0 0 0 0 0 0 0 0 4.218753 7.43333 26.99561 7.43333 7.43333 0 0 0 1.177504 7.82166 0 10.18255 0 1.201908 34.09981 3.449665 0 10.18255 11.03054 5.03402 7.82166 0 0 1.177504 1.177504 1.201908 1.79773 1.201908 0 0 1.082393 1.201908 1.201908 26.99561 1.082393 3.449665 0 0 0 0 0 1.177504 0 0 0 7.954816 0 11.03054 49.15682 26.99561 1.201908 0 1.177504 1.201908 26.99561 1.201908 0
7.3013 0 7.3013 0 0 0 0 0 0 0 0 0 0 0 0 49.15682 23.52067 10.18255 0 0 1.682971 7.82166 1.177504 1.177504 0 0 0 7.954816 7.82166 1.682971 0 26.99561 1.201908 10.18255 1.177504 10.18255 0 0 0 0 0 0 7.82166 1.177504 0 0 11.03054 5.03402 26.99561 1.201908 1.082393 26.99561 0 0 26.99561 0 0 7.954816 0 0 1.201908 0 7.43333 5.03402 0 0 0 1.201908 10.53546 5.03402 0 0 0 0 5.03402 0 0
0 1.79773 0 0 0 0 1.082393 0 0 11.45366 1.082393 0 0 0 0 0 0 1.177504 5.03402 0 0 0 0 0 5.03402 0 11.03054 0 0 0 0 1.177504 0 26.99561 0 1.082393 0 0 0 11.03054 7.954816 5.03402 1.177504 0 7.82166 10.18255 7.954816 0 2.234179 26.99561 0 0 0 26.99561 7.43333 3.449665 7.82166 0 7.3013 1.201908 0 1.177504 1.79773 0 0 0 1.201908 5.03402 1.177504 1.177504 26.99561 7.43333 1.177504 0 1.177504 7.954816 0
0 0 0 0 7.82166 1.79773 0 25.45443 0 26.99561 0 0 0 1.177504 0 6.866666 0 0 1.082393 1.79773 0 0 0 0 34.09981 0 0 11.45366 0 0 7.82166 7.43333 0 0 0 26.99561 0 7.82166 1.177504 0 0 5.03402 0 0 0 7.43333 1.201908 5.03402 26.99561 11.03054 11.03054 7.43333 7.82166 7.43333 26.99561 26.99561 0 0 0 7.43333 7.43333 26.99561 1.177504 5.03402 0 5.03402 1.201908 1.201908 1.201908 10.18255 5.03402 0 7.82166 1.201908 26.99561 26.99561 0
0 26.99561 1.201908 1.201908 1.177504 3.449665 1.082393 25.45443 0 0 11.03054 0 0 0 0 0 0 7.82166 26.99561 0 0 11.45366 9.208659 0 0 0 4.218753 0 0 0 7.82166 0 0 26.99561 1.082393 1.177504 1.79773 1.177504 11.03054 7.82166 0 26.99561 0 1.177504 1.201908 0 0 0 0 0 1.177504 1.177504 0 7.43333 7.43333 10.18255 0 0 1.177504 5.03402 10.18255 0 7.954816 0 7.82166 0 0 0 0 1.177504 1.201908 0 10.18255 0 26.99561 0 1.79773
26.99561 26.99561 25.45443 0 0 25.45443 26.99561 0 26.99561 0 0 7.3013 0 0 1.79773 0 1.79773 1.177504 0 0 0 1.201908 0 2.234179 0 0 0 0 1.177504 1.177504 1.177504 0 26.99561 0 0 0 0 11.03054 1.201908 0 1.177504 0 7.82166 0 0 11.03054 11.03054 0 0 0 7.82166 1.201908 25.45443 1.177504 10.18255 0 0 0 0 26.99561 0 0 0 0 1.177504 26.99561 0 7.82166 5.03402 0 7.82166 0 1.177504 26.99561 26.99561 26.99561 26.99561
26.99561 26.99561 1.082393 1.082393 26.99561 7.82166 0 0 26.99561 25.45443 7.82166 0 1.79773 11.03054 0 11.03054 26.99561 1.201908 26.99561 0 0 7.3013 0 7.3013 2.436103 10.18255 7.43333 7.43333 26.99561 11.03054 11.03054 1.177504 26.99561 7.43333 1.082393 13.69254 0 1.79773 0 0 0 0 6.866666 1.201908 7.43333 6.866666 11.03054 0 34.09981 0 0 0 0 0 0 10.18255 0 0 0 7.43333 1.082393 0 1.201908 1.177504 0 0 0 0 0 10.18255 0 7.82166 1.177504 26.99561 26.99561 0 0
7.43333 26.99561 1.082393 0 26.99561 26.99561 1.682971 0 26.99561 0 26.99561 0 7.82166 0 1.201908 1.177504 0 0 0 1.177504 0 25.45443 0 0 0 0 0 26.99561 1.201908 0 0 0 0 26.99561 7.954816 0 26.99561 1.201908 1.201908 0 0 0 0 6.866666 7.82166 1.201908 0 0 0 10.18255 0 0 0 9.208659 0 0 7.43333 1.177504 0 0 3.449665 1.79773 0 5.03402 10.18255 0 1.79773 0 0 26.99561 0 1.79773 0 0 26.99561 1.201908 0
0 11.45366 26.99561 0 7.954816 7.82166 7.82166 1.082393 26.99561 0 26.99561 26.99561 0 0 1.79773 0 0 1.201908 0 25.45443 5.03402 0 26.99561 0 5.03402 0 0 34.09981 0 1.177504 0 0 7.43333 26.99561 1.177504 26.99561 26.99561 26.99561 26.99561 7.82166 1.79773 7.82166 0 1.177504 7.82166 0 1.177504 0 6.866666 0 0 0 0 0 0 0 0 5.03402 0 26.99561 0 7.82166 7.43333 7.43333 7.82166 0 0 0 6.866666 0 0 0 1.177504 0 0 1.082393 7.954816
13.69254 26.99561 7.43333 11.45366 0 1.79773 0 1.201908 0 0 0 0 26.99561 26.99561 25.45443 0 0 0 0 0 0 0 0 1.79773 0 0 5.03402 7.82166 0 0 1.201908 10.18255 26.99561 26.99561 26.99561 5.03402 26.99561 26.99561 7.82166 11.03054 1.79773 1.79773 0 11.03054 0 0 1.177504 26.99561 1.177504 0 0 0 0 0 0 0 0 7.82166 0 0 10.18255 1.201908 0 1.201908 0 1.177504 0 5.03402 0 0 7.82166 5.03402 0 7.82166 34.09981 1.201908 26.99561
26.99561 11.45366 10.18255 1.201908 0 0 0 26.99561 25.45443 7.82166 0 7.82166 0 1.201908 1.177504 0 1.177504 1.177504 5.03402 0.6339925 26.99561 0 1.79773 0 0 7.43333 0 0 5.03402 11.03054 1.177504 1.177504 26.99561 7.43333 7.82166 26.99561 1.201908 0 0 0 0 10.18255 1.201908 11.03054 7.82166 0 0 7.954816 1.082393 0 26.99561 0 7.954816 0 5.03402 0 0 5.03402 0 26.99561 10.18255 0 1.201908 1.201908 7.954816 6.866666 7.82166 6.866666 1.79773 0 0 1.177504 1.79773 1.177504 7.43333 26.99561 1.201908
26.99561 0 26.99561 11.03054 0 1.177504 0 0 11.03054 25.45443 1.79773 0 0 1.201908 0 0 5.03402 0 0 5.03402 49.15682 0 1.177504 0 1.177504 0 0 0 1.177504 7.82166 26.99561 7.82166 7.43333 0 26.99561 10.18255 7.954816 7.82166 1.177504 7.43333 7.954816 7.82166 10.18255 0 10.18255 11.03054 1.79773 1.79773 26.99561 1.201908 0 5.03402 5.03402 0 0 5.03402 26.99561 5.03402 13.69254 25.45443 11.45366 26.99561 0 0 1.201908 0 0 1.79773 26.99561 26.99561 1.79773 0 7.43333 0 7.954816 26.99561 25.13387
26.99561 26.99561 0 0 7.43333 1.082393 0 0 0 0 5.03402 0 0 0 10.18255 0 5.03402 0 0 1.79773 0 6.866666 25.45443 0 0 0 0 0 1.177504 5.03402 1.177504 7.43333 1.177504 1.177504 1.177504 7.954816 26.99561 25.45443 0 25.45443 9.208659 7.82166 0 7.3013 0 10.18255 49.15682 1.201908 7.43333 7.43333 0 6.866666 5.03402 1.79773 5.03402 0 5.03402 0 0 1.201908 26.99561 3.449665 1.79773 1.201908 0 0 0 1.177504 26.99561 26.99561 7.82166 0 0 1.201908 1.177504 1.201908 25.13387
0 7.43333 0 26.99561 1.177504 7.43333 1.082393 0 0 25.45443 26.99561 0 1.79773 0 1.177504 1.79773 11.03054 0 0 5.03402 0 7.82166 7.82166 10.18255 7.82166 0 0 0 26.99561 7.82166 7.82166 7.82166 0 0 7.43333 0 1.177504 1.177504 0 7.43333 2.891386 0 0 9.208659 0 15.56711 0 7.82166 1.201908 26.99561 25.45443 0 5.03402 0 0 1.177504 5.03402 10.18255 1.79773 6.866666 7.82166 1.79773 1.79773 0 0 7.82166 0 7.954816 15.56711 6.866666 1.79773 1.201908 26.99561 10.18255 25.45443 10.18255 26.99561
1.682971 1.682971 1.682971 26.99561 26.99561 1.682971 26.99561 1.082393 26.99561 0 1.082393 0 5.03402 7.82166 0 0 1.201908 0 0 5.03402 25.45443 11.03054 1.201908 1.201908 0 0 0 0 0 7.82166 7.43333 7.43333 0 1.201908 0 10.18255 7.43333 5.03402 2.891386 0 26.99561 6.866666 11.03054 0 25.98155 1.201908 0 0 25.45443 15.56711 0 25.45443 0 0 0 26.99561 0 0 0 1.082393 10.18255 7.82166 7.82166 7.82166 7.954816 7.82166 0 10.18255 19.9279 23.80675 15.56711 1.79773 1.79773 25.13387 2.234179 1.201908 11.03054
1.682971 7.43333 1.682971 0 1.177504 26.99561 0 0 1.082393 25.45443 6.866666 0 1.082393 7.82166 0 25.45443 0 0 7.954816 0 0 0 5.03402 0 1.79773 0 1.201908 0 0 1.177504 10.18255 7.82166 34.09981 26.99561 10.18255 26.99561 1.79773 26.99561 1.79773 11.03054 7.82166 6.866666 7.954816 7.82166 0 7.82166 11.03054 10.18255 26.99561 7.954816 7.82166 26.99561 1.177504 7.82166 11.03054 6.866666 0 0 0 0 1.79773 10.18255 1.177504 1.177504 26.99561 26.99561 0 25.98155 23.80675 0.7871719 15.56711 0 26.99561 0 11.03054 7.43333 26.99561
1.682971 0 7.43333 7.43333 0 1.682971 1.682971 7.43333 7.43333 1.082393 26.99561 0 0 26.99561 0 1.201908 0 26.99561 1.177504 1.201908 0 26.99561 0 0 0 1.79773 0 0 5.03402 7.954816 1.201908 0 26.99561 0 0 7.43333 1.177504 7.82166 7.82166 10.18255 11.45366 0 7.954816 7.82166 0 7.82166 7.954816 11.03054 6.866666 25.45443 0 25.45443 11.03054 26.99561 0 11.03054 26.99561 25.45443 1.201908 0 0 9.208659 1.177504 0 7.43333 26.99561 1.082393 1.082393 1.082393 15.56711 25.13387 25.45443 26.99561 1.201908 11.03054 9.208659 13.69254
6.624132 0 0 7.43333 0 1.682971 26.99561 7.43333 0 1.082393 26.99561 25.45443 26.99561 1.082393 0 0 1.201908 0 7.82166 0 25.45443 0 0 0 1.201908 0 1.177504 0 1.177504 0 1.201908 0 26.99561 0 0 26.99561 0 1.177504 7.82166 0 7.43333 0 7.954816 0 7.82166 1.79773 7.82166 1.79773 0 26.99561 13.69254 0 26.99561 7.954816 10.18255 10.18255 23.80675 0 0 0 0 10.18255 1.201908 7.82166 6.866666 0 1.201908 0 1.201908 23.80675 49.15682 11.03054 6.866666 15.56711 15.56711 25.45443 7.954816
0 1.682971 26.99561 7.43333 0 0 11.45366 26.99561 7.43333 7.43333 0 7.82166 10.18255 0 11.03054 10.39768 0 26.99561 26.99561 3.449665 0 0 0 1.177504 0 7.82166 1.201908 7.43333 0 26.99561 5.03402 1.177504 26.99561 26.99561 1.082393 1.177504 11.03054 7.954816 11.03054 0 25.45443 6.866666 25.45443 10.18255 0 1.79773 0 9.208659 1.177504 7.82166 7.954816 0 25.45443 7.82166 26.99561 0 13.69254 0 11.03054 6.866666 0 1.201908 6.866666 1.177504 13.69254 0 13.69254 15.56711 7.82166 15.56711 11.03054 0 0 0 15.56711 7.82166 11.03054
4.218753 1.682971 7.43333 7.82166 0 7.82166 26.99561 0 0 7.82166 1.177504 0 25.45443 25.45443 25.45443 11.03054 1.79773 0 10.18255 0 25.45443 1.79773 0 7.43333 1.201908 5.03402 0 1.177504 3.449665 0 7.82166 7.43333 7.43333 1.082393 25.13387 10.18255 26.99561 15.56711 7.954816 10.18255 7.954816 1.201908 25.45443 25.45443 0 10.18255 0 25.45443 1.79773 1.79773 1.177504 1.79773 7.82166 0 6.866666 49.15682 6.866666 6.866666 1.79773 1.79773 1.79773 15.56711 0 0 0 2.891386 2.891386 1.201908 0 0 0 0 0 0 1.177504 0 11.45366
7.43333 0 26.99561 7.82166 0 1.177504 1.682971 26.99561 26.99561 7.82166 7.43333 11.45366 11.45366 0 25.45443 26.99561 7.82166 25.45443 1.177504 0 11.03054 1.201908 0 0 0 0 0 0 0 7.43333 10.18255 1.382869 23.52067 1.082393 10.53546 6.624132 7.954816 1.177504 1.177504 11.03054 7.954816 7.82166 0 49.15682 26.99561 10.18255 10.18255 13.69254 11.03054 15.56711 13.69254 15.56711 0 0 11.03054 0 1.201908 0 11.03054 0 7.954816 6.866666 11.45366 7.82166 1.177504 11.03054 7.82166 6.866666 0 10.39768 9.208659 0 0 0 10.18255 0 13.69254
7.82166 0 0 1.177504 0 0 1.201908 0 10.18255 26.99561 7.82166 7.82166 1.082393 9.208659 7.82166 1.177504 0 26.99561 1.201908 0 1.177504 26.99561 0 26.99561 26.99561 26.99561 10.18255 1.082393 10.18255 7.43333 26.99561 26.99561 11.03054 2.234179 0 1.177504 0 7.954816 7.82166 11.03054 7.954816 1.682971 7.954816 7.954816 1.382869 7.954816 9.208659 9.208659 0 0 0 13.69254 0 25.45443 0 0 7.954816 25.45443 6.866666 10.18255 5.03402 6.866666 6.866666 0 2.891386 0 1.177504 7.43333 11.03054 7.82166 11.03054 7.954816 15.56711 7.954816 1.177504 2.891386 7.954816
