rf_psme.asc
ncols         1040
nrows         514
xllcorner     497943.03125
yllcorner     5178296
cellsize      30
NODATA_value  -9999
[rows 105 to 139 of 514, columns 770 to 846 of 1040]
2.891386 7.954816 0 2.891386 2.891386 2.891386 0 2.891386 0 2.891386 2.891386 2.891386 0 2.891386 2.891386 2.891386 2.891386 11.03054 32.66012 0 0 32.66012 0 2.891386 0 0 2.871488 0 0 0 0 2.891386 2.891386 0 2.891386 2.891386 0 0 7.954816 2.891386 0 0 0 2.891386 0 0 0 0 1.177504 0 2.891386 2.891386 2.891386 1.177504 11.03054 11.03054 0 0 0 0 0 0 0 0 0 2.891386 1.177504 2.891386 2.891386 0 0 1.177504 0 0 0 1.79773 0
0 0 0 7.954816 2.891386 7.954816 2.891386 7.954816 7.954816 32.66012 2.891386 0 2.891386 2.891386 0 2.891386 0 2.891386 2.891386 10.39768 0 0 0 0 2.891386 0 0 0 0 0 0 0 2.891386 4.592378 2.891386 0 9.208659 9.208659 2.871488 0 0 0 15.56711 11.03054 0 11.03054 11.03054 0 0 1.79773 7.82166 0 0 0 2.891386 0 2.891386 11.03054 11.03054 0 0 2.891386 2.891386 2.891386 0 11.03054 2.891386 11.03054 2.891386 0 0 3.084738 1.79773 10.39768 1.79773 1.177504 2.891386
11.97089 11.45366 7.954816 0 0 0 0 0 2.891386 2.891386 0 0 9.208659 9.208659 2.891386 2.891386 2.891386 0 0 0 10.39768 0 10.39768 11.45366 0 0 0 0 0 0 0 0 0 0 0.7871719 0 0 0 0 0 0 0 2.891386 2.891386 0 1.177504 0 0 1.79773 0 11.03054 1.177504 2.891386 0 0 0 0 11.03054 0 0 0 0 2.891386 2.891386 0 0 2.891386 7.82166 11.03054 0 0 0 0 0 0 0 1.177504
0 10.39768 0 0 0 10.39768 0 0 2.891386 0 11.45366 0 0 2.891386 2.871488 2.891386 2.891386 2.891386 7.954816 2.891386 0 0 0 23.52067 23.80675 0 0 0 2.891386 0 0 0 0 0 0 0 0 0 9.208659 0 0 2.891386 2.891386 2.436103 0 0 0 0 2.891386 0 0 7.954816 0 0 0 0 11.03054 2.891386 0 0 0 2.891386 2.891386 0 2.891386 0 0 2.891386 7.954816 2.891386 7.954816 1.79773 10.39768 11.03054 0 1.79773 0
10.39768 11.97089 10.39768 0 19.9279 11.45366 11.45366 9.208659 2.891386 23.80675 32.66012 2.891386 32.66012 10.39768 23.80675 6.711735 11.45366 0 7.954816 9.208659 32.66012 7.954816 32.66012 11.97089 32.66012 0 0 0 9.208659 2.891386 0 0 0 0 0 2.871488 9.208659 2.871488 0 0 0 9.208659 2.891386 0.7419939 2.891386 11.03054 0 0 9.208659 11.03054 11.03054 0 0 7.954816 0 1.79773 2.891386 1.177504 0 0 2.891386 0 2.891386 0 0 0 0.7419939 2.891386 2.891386 0 2.891386 0 2.891386 1.177504 0 0 1.79773
6.711735 6.711735 6.711735 25.98155 10.39768 10.39768 11.45366 7.954816 0 2.891386 11.45366 32.66012 11.45366 11.45366 25.98155 6.711735 6.711735 7.954816 7.954816 9.208659 0 6.711735 0 23.80675 11.45366 7.954816 7.954816 2.891386 9.208659 7.954816 0 0 2.891386 9.208659 7.954816 9.208659 0 0 2.871488 10.39768 2.891386 2.891386 0 0 0 2.891386 0 9.208659 7.954816 2.891386 2.891386 0 0 0 0 0 0 9.208659 0 0 0 0 9.208659 0 2.891386 0 0 2.891386 2.891386 2.891386 0 0 0 0 9.208659 0 0
2.891386 11.45366 11.45366 11.97089 11.97089 11.97089 11.45366 10.39768 6.711735 11.45366 7.954816 32.66012 23.80675 11.45366 11.45366 11.45366 11.97089 2.891386 7.954816 7.954816 0 2.891386 11.97089 0 9.208659 0 11.03054 2.891386 3.084738 2.891386 2.891386 2.891386 0 2.891386 7.954816 2.891386 7.954816 0 0 11.03054 2.891386 9.208659 0 11.03054 7.954816 1.177504 2.891386 0 0 7.954816 0 0 2.891386 0 1.177504 2.891386 11.03054 0 0 0 0 2.891386 2.891386 4.592378 1.177504 9.208659 0 0 1.177504 0 2.891386 0 0 2.891386 0 1.177504 0
0 10.39768 1.082393 11.45366 10.39768 11.45366 6.711735 11.97089 11.97089 32.66012 32.66012 11.45366 23.80675 0 19.9279 7.954816 11.45366 9.208659 0 11.97089 11.45366 2.891386 0 11.45366 0 11.45366 7.954816 10.18255 2.891386 2.891386 2.891386 2.891386 2.871488 7.954816 0 0 0 2.891386 0.7871719 11.03054 2.891386 0 2.891386 7.954816 2.891386 0 2.891386 2.891386 2.891386 2.891386 0 11.03054 2.871488 0 0 2.891386 2.871488 2.891386 2.891386 0 0 0 2.891386 0 0 0 2.891386 0 2.891386 2.891386 2.891386 0 0 7.954816 9.208659 0 0
14.85014 32.66012 7.954816 2.891386 25.98155 7.954816 11.45366 19.9279 11.45366 11.97089 32.66012 11.97089 11.97089 11.45366 23.80675 0 0 2.891386 0 2.871488 10.18255 6.711735 32.66012 9.208659 0 0 2.891386 7.954816 11.03054 2.871488 0 2.891386 7.954816 9.208659 2.871488 0 0 0 7.954816 7.954816 1.177504 11.03054 9.208659 11.03054 0 7.954816 2.891386 2.891386 11.03054 1.201908 0 7.954816 2.891386 11.03054 0 11.03054 0 11.03054 0 0 0 2.891386 2.891386 2.891386 2.891386 9.208659 2.891386 0 11.03054 2.891386 2.891386 0 0 0 0 0 0
11.45366 10.39768 9.208659 23.80675 7.954816 10.39768 7.954816 11.45366 11.45366 11.45366 11.45366 11.45366 7.954816 7.954816 7.954816 32.66012 32.66012 0 9.208659 9.208659 11.45366 0 0 2.891386 0 11.97089 9.208659 11.45366 7.954816 4.592378 0 0 0 0 0 2.891386 9.208659 2.891386 0 0 0 9.208659 2.871488 11.03054 0 2.891386 2.891386 2.891386 0.7871719 0 2.891386 7.954816 2.891386 0 0 2.891386 11.03054 0 0 0.7871719 0 11.03054 15.56711 9.208659 0 11.03054 9.208659 0 1.177504 0 2.891386 0 0 0 0 0 0
0 9.208659 2.891386 11.03054 3.084738 0 2.891386 0 0 7.954816 11.97089 11.45366 2.891386 32.66012 7.954816 6.711735 32.66012 0 0 6.711735 32.66012 0 32.66012 11.97089 0 32.66012 6.711735 10.18255 1.177504 2.891386 2.871488 9.208659 0 0 0 0 1.177504 0 0 6.711735 0 0 9.208659 4.592378 0.7871719 0 2.891386 0 0 7.954816 0 2.891386 0 7.954816 2.891386 7.954816 7.954816 0 0 0 0 2.891386 2.891386 2.891386 0 11.03054 0 2.891386 2.891386 2.891386 1.177504 0 0 1.79773 2.891386 11.97089 0
0 0 0 0 9.208659 2.871488 0 0 9.208659 0 0 2.891386 1.201908 7.954816 0 9.208659 2.891386 0 0 0 0 11.45366 9.208659 0 32.66012 9.208659 7.954816 3.084738 2.891386 9.208659 0 1.79773 0 0 0 0 2.891386 9.208659 10.39768 10.39768 0 0 2.891386 0 0 0 0 0 1.68635 7.954816 9.208659 0 0 0 0 2.891386 3.084738 0 15.56711 15.56711 0 7.954816 9.208659 0 0 0 0 0 0 2.891386 2.891386 2.891386 0 2.891386 0 9.208659 0
0 0 0 0 0 0 0 0 0 0 0 0 0 2.891386 0 0 0 0 0 0 0 32.66012 0 0 9.208659 0 0 0 0 0 0 0 0 0 0 0 0 9.208659 0 15.56711 0 0 0 0 0 0 0 0 0 0 0 2.891386 0 0 2.891386 0 2.891386 7.954816 2.891386 11.03054 0.7419939 0 2.891386 2.891386 9.208659 0 0 0 0 0 2.891386 2.891386 0 0 0 0 0
32.66012 0 7.954816 6.711735 0 0 0 0 0 0 0 0 0 0 0 0 0 0 0 0 7.954816 0 0 0 0 0 0 0 0 0 0 0 0 0 0 0.7871719 0 6.711735 0 0 0 0 0 0 0 0 0 0 0 0 0 0 0 0 0 0 0 1.177504 2.891386 2.891386 0.7871719 2.891386 0 2.891386 9.208659 0 0 0 0 0 2.891386 2.891386 0 0 0 0 0
7.954816 0 0 0 32.66012 32.66012 7.954816 2.631206 2.891386 0 0 0 0 0 6.711735 23.52067 0 0 0 0 0 9.208659 7.954816 7.954816 32.66012 0 11.97089 6.711735 11.97089 0 6.711735 0 0 0 0 2.891386 11.03054 7.954816 0 0 7.954816 7.954816 7.954816 7.954816 0 0 0 0 0 0 0 0 0 0 0 0 0 2.891386 2.891386 0 0 0 2.891386 2.891386 2.891386 0 0 0 0 0 0 2.891386 0 2.891386 0 2.891386 0
11.03054 0 7.954816 7.954816 7.954816 2.891386 0 0 7.954816 7.954816 0 6.711735 0 0 0 6.711735 2.891386 1.177504 2.891386 2.891386 32.66012 2.891386 7.954816 9.208659 0 4.592378 2.891386 9.208659 0 0 2.891386 0 0 2.891386 0 32.66012 23.80675 0 4.592378 0 11.45366 7.954816 2.891386 0 2.891386 0 2.891386 0 32.66012 2.891386 0 0 0 0 0 0 0 0 0 0 7.954816 0 0 0 2.891386 0 0 0 0 0 4.592378 9.208659 0 0 0 0 0
2.891386 2.891386 7.954816 0 32.66012 2.891386 0 2.891386 7.954816 0 32.66012 2.891386 2.891386 7.954816 0 2.891386 10.18255 10.18255 2.891386 0 7.954816 2.891386 0 9.208659 2.891386 2.891386 7.954816 7.954816 11.97089 3.084738 9.208659 2.891386 2.891386 0 2.891386 0 0 25.45443 0 0 0 11.45366 0 7.954816 7.954816 2.891386 0 1.177504 2.891386 2.891386 7.954816 2.891386 0 0 0 0 0 0 0 11.03054 0 0 0 2.891386 2.891386 0.7871719 0 0 0 0 2.891386 2.891386 0 0 0 0 0
7.954816 2.891386 11.45366 1.177504 7.954816 0 32.66012 23.80675 7.954816 32.66012 7.954816 0 2.891386 2.891386 0 10.18255 0 4.592378 0 2.891386 9.208659 2.891386 2.891386 0 7.954816 2.891386 0 0 7.954816 9.208659 9.208659 2.891386 0 0 0 7.954816 7.954816 11.45366 11.97089 0 9.208659 2.234179 11.45366 7.954816 2.891386 7.954816 2.891386 11.45366 32.66012 2.891386 2.891386 0 7.954816 0 0 2.891386 0 0 0 0 0 11.03054 0 0 0 0 0 0 0 0 0 2.891386 2.891386 0 0 0 0
2.891386 32.66012 23.80675 7.954816 0 11.45366 2.891386 7.954816 0 6.711735 2.891386 7.954816 2.891386 0 2.891386 0 0 2.891386 2.891386 2.891386 2.891386 2.891386 0 2.891386 2.891386 0 7.954816 2.891386 2.891386 11.97089 0 2.891386 0 0 2.891386 0 23.80675 2.891386 10.39768 7.954816 3.084738 0 2.891386 23.52067 2.891386 0 2.891386 2.891386 11.45366 9.208659 0 0 0 0 7.954816 2.891386 7.954816 7.954816 9.208659 0 0 0 0 0 0 0 0 0 0 0 0 0 2.891386 0 0 0 0
7.954816 2.891386 2.891386 0 0 2.891386 0 10.18255 32.66012 7.954816 9.208659 3.084738 2.891386 2.891386 2.891386 0 0 0 0 2.891386 2.891386 0 2.891386 0.9255839 0 2.871488 2.891386 2.891386 2.891386 0 7.954816 9.208659 9.208659 11.97089 2.891386 2.891386 11.45366 0 11.97089 10.39768 2.891386 2.891386 2.891386 0 0 0 0 0 11.45366 7.954816 2.891386 0 0 11.45366 11.45366 2.891386 0 2.891386 11.45366 11.45366 2.891386 0 0 0 0 0 0 0 0 0 0 2.891386 0 0 0 0 0
0 32.66012 0 23.80675 11.45366 0 2.891386 11.45366 7.954816 9.208659 1.177504 9.208659 2.891386 7.954816 7.954816 7.954816 0 2.891386 11.03054 2.891386 0 2.891386 11.03054 2.891386 2.891386 2.891386 2.891386 2.891386 0 7.954816 3.084738 11.03054 0 11.03054 2.891386 2.891386 0 11.97089 2.891386 4.592378 2.891386 2.891386 2.891386 2.891386 0 0 0 11.45366 11.45366 7.954816 0 11.45366 32.66012 0 0 11.45366 7.954816 6.711735 2.891386 9.208659 0 7.954816 0 0 0 0 0 0 0 0 0 0 0 0 0 0 0
0 10.39768 2.891386 2.891386 0 7.954816 32.66012 7.954816 7.954816 6.711735 2.891386 10.18255 11.45366 0 0 2.891386 2.891386 0 2.891386 0 0 9.208659 2.891386 4.592378 2.891386 11.03054 2.891386 2.891386 0 0 0 9.208659 2.891386 2.891386 2.891386 7.954816 2.891386 2.891386 0 7.954816 13.69254 2.891386 11.45366 0 0 0 0 0 11.45366 2.891386 0 0 2.891386 0 2.891386 11.45366 0 11.97089 0 2.891386 7.954816 2.891386 7.954816 2.891386 2.891386 2.891386 0 0 0 0 0 0 0 0 0 0 0
0 0 0 2.891386 2.891386 2.891386 7.954816 2.891386 7.954816 32.66012 9.208659 0 7.954816 0 10.39768 7.954816 0 0 0 2.891386 0 0 2.891386 2.891386 2.891386 2.891386 2.891386 7.954816 0 7.954816 0 2.891386 2.891386 2.891386 2.891386 0 2.891386 0 3.084738 2.891386 0 11.45366 10.39768 10.39768 11.45366 0 0 0 0 0 2.891386 11.45366 7.954816 7.954816 11.45366 2.891386 0 2.891386 0 2.891386 2.891386 0 2.891386 7.954816 7.954816 7.954816 0 2.891386 4.592378 0 6.711735 0 0 0 0 0 0
0 0 0 11.97089 2.891386 32.66012 11.45366 0 0 0 1.082393 25.45443 1.177504 0 0 0 0 0 2.891386 1.177504 0 0 0 2.891386 2.891386 2.891386 2.891386 7.954816 0 2.871488 0 0 6.866666 0 0 2.891386 7.954816 11.97089 2.891386 0 0 11.45366 10.39768 10.39768 11.45366 0 0 0 0 0 0 2.891386 0 2.891386 2.891386 7.954816 11.45366 0 11.45366 2.891386 0 0 0 0 0 2.891386 2.891386 9.208659 0 0 0 0 7.954816 0 0 0 0
0 0 0 2.891386 2.891386 2.891386 11.45366 11.45366 23.80675 2.234179 32.66012 32.66012 23.80675 4.592378 0 0 0 2.891386 0 0.7871719 11.97089 0 2.891386 9.208659 0.9255839 2.891386 6.711735 7.954816 0 0 2.891386 7.954816 2.891386 11.97089 0.9255839 2.891386 2.891386 0 9.208659 2.891386 2.891386 0 10.39768 4.592378 0 25.45443 11.45366 11.97089 10.39768 0 0 0 7.954816 2.891386 2.891386 2.891386 2.891386 0 2.891386 10.39768 2.891386 0 0.9255839 0 0 2.891386 0 0 2.891386 0 2.891386 0 0 7.954816 2.891386 0 0
2.891386 0 0 0 0 11.45366 2.891386 32.66012 11.45366 0 13.69254 0 7.954816 0 2.891386 2.891386 2.891386 2.891386 9.208659 0 7.954816 0 11.03054 2.891386 10.18255 9.208659 0 0 0 6.711735 0 0 3.084738 0 0 2.891386 2.891386 0 32.66012 0 11.97089 2.631206 0 0 11.97089 0 0 11.45366 7.954816 0 0 10.39768 0 7.954816 2.891386 2.891386 2.891386 32.66012 0 0 0 9.208659 2.871488 0 6.711735 6.711735 2.871488 2.891386 2.871488 2.891386 0 0 0 0 7.954816 32.66012 0
2.891386 0 0 0 2.891386 32.66012 7.954816 0 23.80675 32.66012 9.208659 0 3.084738 2.891386 7.954816 2.891386 0 0 7.954816 0 2.891386 0 2.891386 2.891386 7.954816 0 11.45366 2.891386 7.954816 2.891386 0 0 0 9.208659 2.891386 0 2.891386 7.954816 9.208659 2.871488 0 0 2.891386 0 0 2.891386 0 11.97089 2.891386 0 0 0 0 0 2.891386 7.954816 2.891386 0 2.891386 0.9255839 2.891386 11.03054 2.891386 9.208659 7.954816 0 2.871488 9.208659 0 0 6.711735 0 0 0 2.871488 0 0
0 2.891386 0 0 2.871488 9.208659 10.18255 2.891386 0 32.66012 7.954816 7.954816 0 2.891386 2.891386 0 2.891386 2.891386 0 2.891386 0 0 2.891386 0 2.891386 0 9.208659 7.954816 7.954816 0 0 0 2.891386 2.891386 9.208659 0 7.954816 0 0 0 0 0 0 0 2.891386 2.891386 2.891386 2.891386 0 0 0 0 0 0 0 2.891386 2.891386 7.954816 9.208659 2.891386 2.891386 7.954816 7.954816 7.954816 9.208659 10.39768 0 0 7.954816 2.891386 0 0 9.208659 0 0 10.39768 32.66012
0 0 10.39768 6.711735 2.891386 2.891386 0 32.66012 32.66012 2.891386 11.45366 2.891386 11.45366 0 1.177504 2.891386 0 0 2.891386 2.891386 2.891386 7.954816 0 2.891386 2.891386 2.891386 7.954816 7.954816 3.084738 0 2.891386 0 0 0 0 11.45366 0 2.891386 2.891386 11.45366 0 0 0 0 0 0 0 0 2.891386 0 0 15.56711 11.45366 10.39768 0 0 2.891386 2.891386 9.208659 2.891386 7.954816 2.891386 7.954816 7.954816 7.954816 7.954816 11.97089 0 6.711735 2.871488 2.891386 9.208659 0 11.97089 0 0 0
2.891386 0 0 0.9255839 11.03054 23.80675 7.954816 0 32.66012 2.891386 2.891386 2.891386 2.891386 9.208659 11.45366 7.954816 2.891386 2.891386 2.891386 2.891386 2.891386 0 7.954816 2.891386 2.891386 2.891386 11.03054 2.891386 2.891386 0 2.891386 0 9.208659 0 0 0 0 7.954816 10.18255 2.891386 2.891386 2.891386 0 0 0 9.208659 0 0 0 0 6.711735 0 7.954816 7.954816 0 0.9255839 2.871488 7.954816 11.03054 2.891386 0 10.39768 0 2.871488 1.201908 32.66012 2.891386 7.954816 2.871488 2.891386 7.954816 0 0 0 0 0 0
2.891386 0 0 10.18255 2.891386 7.954816 2.891386 6.711735 11.03054 9.208659 11.45366 11.45366 13.69254 1.177504 2.891386 2.891386 7.954816 9.208659 2.891386 0 2.891386 2.891386 0 0 2.891386 2.891386 2.891386 2.891386 2.891386 0 2.891386 0 0 0 2.891386 0 0 0 7.954816 0 2.891386 0 0 0 2.891386 0 2.891386 2.871488 0 0 0.9255839 0 10.18255 7.954816 1.68635 6.711735 2.891386 11.03054 2.891386 7.954816 0 2.234179 0 7.954816 7.954816 11.03054 9.208659 0 2.891386 9.208659 0 0 0 0 0 2.891386 2.891386
6.711735 0 0 11.45366 32.66012 0 0 0 0 11.03054 2.891386 0 2.891386 2.891386 0 11.45366 0 0 0 2.891386 2.891386 2.891386 0 2.891386 2.891386 2.891386 7.954816 0 0 0 0 0 9.208659 0 0 0 0 0 0 0 0 0 0 0 0 2.891386 0 0 2.891386 2.891386 0 0 0 11.45366 10.39768 0 0 11.45366 2.891386 1.201908 0 11.45366 0 6.866666 23.80675 2.891386 1.177504 11.97089 0 0 0 0 0 2.891386 2.891386 9.208659 32.66012
7.954816 2.891386 11.45366 2.891386 23.80675 7.954816 0 9.208659 7.954816 2.891386 2.891386 0 0 0 0 9.208659 9.208659 0 0 9.208659 2.891386 2.891386 0 2.891386 0 2.891386 2.891386 0 2.891386 7.954816 7.954816 0 0 0 0 0 0 0 0 0 0 0 0 0 0 0 0 7.954816 2.891386 11.03054 10.18255 11.45366 6.711735 14.85014 7.954816 0 0 0 7.954816 0 23.52067 11.97089 25.98155 2.891386 23.80675 1.177504 2.891386 7.954816 0 2.891386 9.208659 10.18255 7.954816 2.891386 11.03054 11.03054 2.891386
0 32.66012 2.891386 0 11.97089 9.208659 32.66012 2.891386 11.45366 11.97089 0 2.891386 2.891386 9.208659 0 9.208659 2.891386 0 2.891386 9.208659 2.891386 2.891386 0 2.891386 2.891386 0 7.954816 2.871488 2.891386 2.891386 4.592378 2.871488 0 0 0 0 0 0 0 0 0 0 0 0 0 0 11.97089 0 9.208659 2.891386 9.208659 0.9255839 10.39768 10.39768 0 6.711735 7.954816 0 6.711735 7.954816 11.45366 7.954816 3.084738 7.954816 7.954816 7.954816 0 0 2.891386 1.177504 10.18255 1.177504 2.891386 7.954816 0 7.954816 2.891386
7.954816 2.891386 2.891386 2.891386 0 3.084738 7.954816 32.66012 0 0 0 2.891386 9.208659 9.208659 0 2.891386 2.891386 0 7.954816 2.891386 0 7.954816 0 0 0 0 7.954816 2.891386 4.592378 7.954816 2.891386 2.891386 9.208659 0 0 0 0 0 0 0 0 0 0 0 0 0 0 6.711735 2.891386 2.891386 32.66012 11.03054 0 10.39768 10.39768 10.39768 11.97089 2.234179 1.201908 6.866666 7.954816 23.80675 1.68635 2.891386 0 0 0 7.954816 1.177504 7.954816 7.954816 7.954816 7.954816 7.954816 4.592378 11.03054 7.954816
