rf_psme.asc
ncols         1040
nrows         514
xllcorner     497943.03125
yllcorner     5178296
cellsize      30
NODATA_value  -9999
[rows 315 to 349 of 514, columns 308 to 384 of 1040]
0 0 0 0 1.177504 0.1627531 0 0 0 0 0 1.177504 1.177504 0 0 1.177504 1.177504 0 0.9782706 0 0 0 10.18255 25.45443 0 0 19.17133 0 0 0 5.03402 0 7.954816 0 0 0 19.17133 0 0 1.177504 0 10.18255 0.9782706 26.99561 1.201908 1.79773 1.682971 0 1.201908 0 0 0 0 0 0 26.99561 0 0 0 2.148766 7.3013 0 7.3013 1.201908 0 7.954816 0 0 0 0 0 7.954816 8.915441 5.03402 0 0 0
19.17133 0 0 0 2.148766 2.148766 3.449665 2.148766 0 5.03402 2.148766 0 0 2.148766 0 26.99561 0 0 0 25.45443 0.9782706 0 1.201908 1.177504 5.03402 1.201908 0 5.03402 0 0 7.82166 7.43333 0 0 0 0 1.79773 0 0 7.82166 0 0 0 5.03402 1.201908 0 0.6339925 7.954816 0 7.82166 0 0 5.03402 0 1.79773 0 5.03402 1.79773 0.9782706 0 19.17133 0 1.79773 0 1.177504 2.891386 7.954816 2.148766 7.954816 0 0 2.891386 0.6257328 2.234179 0 0 0
0 0 0 2.148766 0 1.177504 6.866666 2.148766 1.177504 0 0 5.03402 0 10.18255 7.82166 1.177504 7.82166 26.99561 26.99561 0 0 0 0 26.99561 26.99561 7.954816 11.03054 0 0 26.99561 0 0 1.177504 0 1.177504 1.79773 0 1.177504 7.82166 0 0 7.43333 0 1.177504 0 0 26.99561 1.201908 26.99561 7.43333 25.45443 0 0 26.99561 0 0 5.03402 0 1.79773 0 19.17133 19.17133 0 2.148766 1.79773 2.148766 0 0 0 0 2.148766 0 0 0 0 0 0
7.82166 0 14.4737 2.148766 0 7.82166 0 0 0 2.148766 0 0 0 0 0 2.148766 1.177504 0 26.99561 7.43333 7.82166 0 0 7.82166 26.99561 1.201908 0 5.03402 7.82166 6.866666 0 25.45443 0 0 0 0 0 0 0 2.148766 2.148766 1.177504 0 1.79773 9.208659 1.79773 0 0 7.43333 26.99561 0 1.201908 0 0 0 26.99561 0 34.09981 5.03402 0 19.17133 0 0 2.148766 0 0 1.177504 2.148766 0 7.43333 0.1627531 7.954816 7.954816 0 0 0 0
1.79773 0 7.82166 7.82166 0 2.148766 7.82166 0 0 0 0 5.03402 0 0 0 5.03402 10.18255 0 0 11.03054 0 5.03402 0 0 1.177504 26.99561 1.201908 26.99561 0 0 0 0 0 0 19.17133 7.82166 0 26.99561 1.177504 7.954816 7.82166 0 7.3013 0.4310673 1.201908 0 0 1.177504 1.79773 7.954816 0 26.99561 26.99561 0 0 0 25.45443 25.45443 0 0 0 9.208659 0.4310673 9.208659 2.148766 11.03054 0 7.954816 0 0 7.954816 0 0 1.201908 2.148766 0 0
0 0 0 0 0.9782706 0 2.148766 7.82166 1.177504 26.99561 5.03402 0 0 10.18255 0 0 13.69254 7.82166 0 0 0.9782706 7.82166 1.201908 7.82166 26.99561 1.082393 0 26.99561 0 0 0 0 0 0 11.03054 26.99561 0 0 0 0 11.03054 1.177504 0 0 0 0 0 1.177504 1.177504 5.03402 0.9782706 0 26.99561 25.45443 0 0 1.177504 0 0 14.4737 0 0 0 0 0 0 2.148766 0 7.3013 0 0 7.3013 1.177504 1.177504 7.954816 2.148766 0
0 5.03402 0 0 0 0 5.03402 0 7.82166 0 0 2.148766 1.177504 0 0 10.18255 5.03402 0 0 0 1.201908 1.177504 26.99561 0 1.201908 5.03402 7.82166 26.99561 25.45443 0 0 0 1.201908 1.177504 0 0 0 0 3.449665 0.4310673 1.201908 0 0 0 1.201908 0 0 1.201908 0 0 0 1.177504 7.82166 0 26.99561 26.99561 26.99561 7.82166 0.6339925 6.866666 0 0 0 2.148766 5.03402 10.18255 0 7.3013 0 7.3013 0 0 2.148766 0 0 7.954816 0
0 7.3013 0 0 0 0 0 2.148766 0 0 0 7.82166 0 0 0 7.82166 10.18255 0 1.201908 7.82166 26.99561 26.99561 1.201908 7.43333 26.99561 7.43333 11.03054 0 1.201908 0 0 0 1.959701 0 0 0 1.177504 0 0 5.03402 0 5.03402 0 0.4310673 0 0 0 1.201908 25.45443 26.99561 7.82166 7.43333 0 0 7.954816 5.03402 0 26.99561 0 7.954816 0 0 0 0 2.148766 0 7.3013 0 7.82166 2.148766 11.03054 0 10.18255 0 0 1.201908 0
0 1.79773 0 0 0 25.45443 10.18255 0 10.18255 0 10.18255 0 0 26.99561 5.03402 7.43333 7.82166 0 0 0 5.03402 14.4737 13.69254 0 7.82166 26.99561 1.082393 7.82166 1.082393 2.234179 10.18255 7.43333 7.82166 0 7.43333 0 14.4737 1.201908 1.201908 0 1.082393 0 0 0 0 1.177504 0 9.208659 25.45443 26.99561 0 0 0 0 1.201908 0 0 5.03402 0 0 5.03402 34.09981 0 0 0.4310673 25.45443 0 5.03402 0 2.148766 6.866666 2.148766 0 0 0.9782706 1.177504 2.148766
0 0 25.45443 0 0 1.201908 6.866666 0 5.03402 0.9782706 7.82166 0 54.20686 14.4737 0 0 0 0 0 0 0 26.99561 0 0 0 5.03402 1.082393 1.082393 34.09981 34.09981 0 0 0 0 7.43333 25.45443 7.3013 0 5.03402 0 0 0 0 0 0 0 0 6.866666 0 0 26.99561 0 26.99561 7.43333 5.03402 0 0 0 0 5.03402 0 1.79773 7.43333 19.17133 0 26.99561 14.4737 0 19.17133 7.954816 25.45443 0 0 0 0 34.09981 26.99561
1.201908 25.45443 0 0 25.45443 0 10.18255 0 0 0 0 1.177504 26.99561 7.82166 7.43333 0 0 0 0 0 7.43333 0 0 7.82166 7.43333 0 7.3013 34.09981 7.43333 13.69254 0 0 0 26.99561 7.82166 0 0 5.03402 5.03402 5.03402 0 0 0 0 0 0 0 1.201908 0 26.99561 10.18255 0 5.03402 0 7.3013 0 26.99561 0 7.82166 6.866666 1.79773 0 0 19.17133 1.201908 19.17133 0 19.17133 1.201908 0 5.03402 25.45443 2.148766 25.45443 26.99561 26.99561 1.682971
26.99561 0 10.18255 19.17133 6.866666 0 5.03402 0 0 14.4737 26.99561 26.99561 1.682971 26.99561 7.43333 1.201908 0 7.82166 0 0 0 5.03402 26.99561 0 34.09981 0 1.082393 26.99561 7.82166 0 7.43333 26.99561 9.208659 0 10.39768 0 0 1.201908 26.99561 25.45443 0 0 0 26.99561 26.99561 0 0 1.201908 26.99561 0 6.866666 0 0 25.45443 0 26.99561 0 0 25.45443 6.866666 7.82166 0 0 26.99561 1.177504 0 0 25.45443 0 0 7.3013 0 0 1.082393 0 14.4737 25.45443
26.99561 0 0 7.82166 0 0 0 0 7.82166 0 5.03402 7.43333 0 26.99561 0 0.9782706 0 5.03402 0 0 5.03402 0 1.177504 7.43333 25.45443 5.03402 7.43333 25.45443 1.79773 1.79773 26.99561 0 0 0 0 0 0 1.177504 1.082393 0 0 0 1.082393 1.201908 1.201908 0 1.082393 0 26.99561 26.99561 0 0 25.45443 0 0 26.99561 0 1.082393 26.99561 0 0 19.17133 26.99561 0 25.45443 0 0 0 0.4310673 1.201908 0 0 25.45443 26.99561 0 0 0
0 0 0 0 0 15.56711 17.45988 0 7.43333 26.99561 14.4737 7.82166 26.99561 0 11.45366 0 0 25.45443 0 0 5.03402 5.03402 0 10.18255 0 0 1.082393 26.99561 0 0 0 7.3013 0 0 25.45443 0 1.682971 26.99561 1.082393 25.45443 7.43333 4.218753 34.09981 7.43333 1.177504 0 7.3013 0 26.99561 26.99561 0.6339925 0 25.45443 0 26.99561 0 7.3013 26.99561 25.45443 0 25.45443 0 1.082393 26.99561 25.45443 0 7.82166 0 26.99561 0 1.082393 0 7.43333 2.234179 1.082393 1.082393 1.082393
26.99561 0 0 26.99561 0 0 0 0 1.201908 26.99561 7.43333 0 0 5.03402 5.03402 7.43333 0 0 0 0 34.09981 0 0 1.177504 7.43333 7.43333 0 1.177504 0 1.201908 0 1.201908 0 0 0 0 26.99561 0 7.43333 26.99561 13.69254 7.82166 11.45366 0 0 10.18255 0 1.201908 7.3013 7.43333 0 1.082393 25.45443 0 26.99561 26.99561 25.45443 19.17133 25.45443 26.99561 0 25.45443 25.45443 25.45443 26.99561 0 3.449665 6.866666 25.45443 26.99561 7.43333 0 54.20686 0 0 0 7.43333
0 0 0 0 1.177504 11.45366 7.954816 0 7.43333 7.43333 0 0 7.43333 0 7.43333 1.177504 5.03402 0 7.82166 0 0 0 5.03402 5.03402 5.03402 7.43333 0 5.03402 25.45443 5.03402 0 0 25.45443 1.201908 13.69254 0 1.082393 7.43333 0 7.43333 7.82166 1.682971 25.45443 14.4737 0 7.954816 1.682971 34.09981 0 11.45366 1.082393 0 26.99561 0 26.99561 0 0.6339925 0 0 26.99561 0 0 26.99561 1.082393 0 26.99561 0 1.082393 4.218753 26.99561 1.682971 0 1.682971 0 1.177504 0 1.682971
26.99561 7.43333 0 0.9782706 1.177504 0 6.866666 26.99561 26.99561 0 7.43333 7.82166 0 0 6.624132 26.99561 1.682971 0 0 0 0 0 2.891386 0 0 4.218753 1.177504 1.177504 0 1.177504 7.82166 6.866666 11.03054 7.43333 0 1.082393 26.99561 7.43333 1.201908 34.09981 5.03402 7.954816 26.99561 7.82166 26.99561 1.682971 0 6.624132 11.45366 0 0 0 0 0 0 5.03402 0 0 0 0 25.45443 0 0 0 0 25.45443 25.45443 0 7.43333 26.99561 0 1.682971 54.20686 0 4.218753 1.682971 0
0 0 26.99561 5.03402 0 5.03402 0 7.82166 14.4737 1.177504 1.682971 7.43333 1.682971 7.43333 0 0 0 0 0 0 7.43333 1.682971 13.69254 0 0 0 26.99561 1.201908 26.99561 0 1.177504 0 1.082393 1.082393 1.082393 7.43333 5.03402 14.4737 0 0 0 0 0 5.03402 11.45366 0 1.682971 0 7.954816 0 0 54.20686 7.43333 0 10.53546 0 26.99561 1.201908 0 5.03402 1.177504 1.082393 0 0 0 0 26.99561 2.578582 26.99561 1.682971 0 6.866666 10.18255 0 0 13.69254 2.234179
7.43333 26.99561 26.99561 26.99561 0 11.03054 14.4737 0 0 2.234179 1.201908 1.201908 7.43333 7.43333 0 1.682971 4.218753 7.82166 1.682971 0 6.624132 0 0 0 0 1.177504 5.03402 0 0 1.79773 5.03402 0 0 26.99561 1.201908 7.43333 7.43333 0 7.82166 0 0 0 9.208659 0 11.45366 34.09981 1.177504 0 7.43333 0 0 0 0 4.218753 7.43333 7.43333 7.82166 7.43333 1.682971 7.43333 7.43333 0 7.954816 11.45366 0 7.43333 7.43333 14.4737 14.4737 0 26.99561 26.99561 25.45443 0 0 1.201908 1.082393
10.18255 0 1.201908 10.18255 1.201908 0 7.954816 7.43333 7.954816 1.201908 5.03402 7.82166 26.99561 1.201908 10.53546 10.53546 0 0 0 0 0 13.69254 0 34.09981 0 13.69254 0 0 0 0 1.201908 26.99561 7.954816 26.99561 0 1.201908 7.82166 5.03402 0 1.201908 0 25.45443 5.03402 1.201908 0 0 13.69254 0 0 7.954816 0 54.20686 0 0 0 34.09981 0 7.82166 34.09981 0 4.218753 7.43333 1.682971 7.43333 0 0 0 0 0 14.4737 14.4737 0 7.43333 2.578582 2.148766 2.234179 0
26.99561 7.43333 7.82166 7.43333 5.03402 0 1.177504 0 7.82166 0 14.4737 7.82166 0 1.082393 0 1.201908 26.99561 7.43333 10.18255 13.69254 0 0 0 0 0 0 7.43333 1.177504 1.177504 0 1.201908 0 0 1.201908 7.82166 0 0 0.9782706 26.99561 1.201908 13.69254 0 0 26.99561 0 11.45366 0 7.954816 0 0 7.82166 0 1.201908 0 0 0 0 0 1.177504 7.82166 0 0 7.43333 1.682971 7.43333 0 0 1.082393 1.201908 0 1.082393 0 5.03402 0 1.201908 7.677366 10.39768
26.99561 11.03054 0 26.99561 0 0 2.436103 1.177504 7.82166 26.99561 7.82166 7.82166 26.99561 0 1.082393 1.082393 10.18255 1.201908 7.43333 0 7.82166 0 13.69254 0 0 0 0 26.99561 7.3013 0 11.03054 6.866666 7.43333 1.201908 26.99561 7.82166 0 34.09981 1.177504 0 7.82166 7.43333 0 0 10.18255 1.177504 0 0 7.954816 1.682971 1.682971 0 6.624132 5.03402 7.43333 0 0 5.03402 0 0 0 0 13.69254 0 0 0 0 14.4737 26.99561 0 26.99561 0 0 19.17133 0 7.3013 0
1.201908 0 1.177504 26.99561 0.9782706 1.201908 1.201908 34.09981 7.954816 0 7.43333 0 0 26.99561 5.03402 0 25.45443 1.201908 7.43333 0 7.954816 7.82166 0 7.43333 0 26.99561 0 5.03402 0 0 7.43333 7.43333 26.99561 7.43333 26.99561 34.09981 5.03402 7.82166 6.866666 7.43333 1.177504 26.99561 26.99561 0 0 7.954816 7.43333 1.177504 0 1.682971 4.218753 7.82166 0 0 0 0 0 34.09981 7.43333 14.4737 0 4.218753 7.954816 0 4.218753 0 7.43333 0 0 26.99561 26.99561 0 14.4737 25.45443 1.177504 0 1.682971
0 1.201908 0 5.03402 0 0 0 14.4737 0 1.201908 6.866666 7.43333 0 7.82166 7.43333 0 26.99561 11.03054 0 0 1.177504 7.43333 26.99561 7.43333 7.43333 7.43333 5.03402 26.99561 0 0 26.99561 7.43333 0 0 1.177504 7.43333 0 7.82166 0 7.43333 7.82166 0 7.43333 7.43333 0 7.82166 7.954816 7.43333 7.43333 0 4.218753 0 0 7.82166 0 26.99561 0 14.4737 0 0 0 1.682971 1.682971 0 0 0 1.682971 1.682971 0 0 26.99561 5.03402 26.99561 0 0 0 10.18255
1.082393 25.45443 0 0 0 0 0 1.201908 1.201908 0 5.03402 0 1.177504 7.82166 0 7.43333 7.954816 1.201908 26.99561 26.99561 26.99561 7.82166 26.99561 7.43333 26.99561 7.43333 7.43333 1.177504 10.18255 0 26.99561 0 1.201908 0 0 26.99561 1.177504 1.177504 1.177504 0 0 0 6.866666 1.201908 0 0 7.82166 1.682971 7.43333 0 4.218753 26.99561 0 1.177504 7.43333 11.45366 1.177504 26.99561 13.69254 0 0 7.82166 0 1.682971 26.99561 4.218753 0 4.218753 0 0 14.4737 0 0 0 0 0 2.148766
10.18255 7.43333 25.45443 0 0 0 5.03402 0 0 0 0 1.201908 0 7.43333 7.43333 1.177504 7.82166 26.99561 1.201908 25.45443 5.03402 0 0 7.43333 26.99561 7.43333 5.03402 7.3013 7.43333 7.43333 7.43333 26.99561 0 0 1.177504 5.03402 0 6.866666 0.9782706 34.09981 0 0 0 6.866666 0 0 0 0 7.43333 0 0 0 4.218753 7.82166 1.682971 0 14.4737 26.99561 0 0 0 0 7.954816 1.682971 0 4.218753 0 4.218753 26.99561 0 0 0 25.45443 0 2.578582 14.4737 2.148766
1.201908 0 0 0 11.03054 0 0 26.99561 0 0 26.99561 26.99561 1.201908 0 7.82166 0 1.177504 5.03402 26.99561 7.82166 6.866666 0 5.03402 7.43333 1.201908 7.160135 5.03402 1.201908 0 26.99561 26.99561 1.201908 1.201908 0 1.201908 0 0 1.177504 0 7.43333 7.954816 11.03054 7.82166 0 0 5.03402 0 0 1.201908 5.03402 26.99561 10.18255 0 0 0 1.682971 0 14.4737 26.99561 0 0 0 10.18255 0 0 0 0 4.218753 1.682971 4.218753 7.43333 0 26.99561 26.99561 7.43333 13.69254 0
1.177504 0 0 1.177504 0 7.954816 0 1.177504 1.201908 34.09981 1.201908 7.82166 1.201908 5.03402 0 5.03402 1.682971 7.82166 7.43333 0 26.99561 26.99561 0 0 7.43333 7.82166 10.18255 25.13387 10.18255 1.201908 0 5.03402 0 0 0 0 1.177504 0 0 1.79773 25.45443 0 0 11.45366 26.99561 1.177504 1.201908 0 7.19818 7.3013 7.3013 0 0 7.82166 0 7.82166 1.682971 0 0 26.99561 0 1.177504 1.177504 34.09981 0 7.82166 0 4.218753 0 0 0 14.4737 26.99561 54.20686 2.578582 2.148766 0
26.99561 19.17133 7.82166 0 11.03054 0 1.201908 7.82166 0 1.177504 26.99561 26.99561 1.201908 0 0 34.09981 5.03402 11.03054 26.99561 7.82166 5.03402 0 0 0 7.43333 7.43333 0 0 0 0 0 0 0 0 0 0 0 0 0 25.45443 1.201908 0 1.177504 5.03402 0 0 7.3013 0 7.82166 7.954816 0 0 0 13.69254 14.4737 1.177504 1.177504 0 0 0 0 5.03402 0 7.82166 0 0 2.148766 0 4.218753 0 4.218753 1.682971 0 6.866666 11.45366 0 26.99561
0 26.99561 7.82166 0 0 0 0 1.201908 1.201908 1.201908 26.99561 26.99561 0 0 25.45443 1.201908 0 7.43333 26.99561 7.43333 0 7.43333 1.201908 3.449665 10.18255 26.99561 0 0 1.177504 0 25.45443 0 0 7.82166 1.177504 0 0 26.99561 0 26.99561 26.99561 7.82166 0 13.69254 0 0 0 0 0 0 0 11.45366 13.69254 0 0 0 7.3013 0 25.45443 0 0 0 14.4737 14.4737 0 0 2.234179 0 0 0 0 6.624132 0 26.99561 0 0 0
1.201908 25.45443 1.201908 0 1.201908 1.79773 0 0 0 0 0 0 26.99561 1.177504 0 26.99561 0 1.177504 5.03402 7.43333 0 0 0 7.82166 1.201908 0 0 0 0 0 5.03402 0 0 0 1.201908 0 0 0 26.99561 5.03402 0 0 0 0 19.17133 25.45443 0 0 0 0 0 14.4737 25.45443 0.6339925 0 26.99561 0 0 0 0 0 0 0 0 26.99561 0 26.99561 14.4737 54.20686 0 4.218753 0 2.148766 5.817313 0 2.148766 1.082393
1.201908 26.99561 25.45443 0 25.45443 0 1.79773 26.99561 5.03402 10.18255 0 26.99561 7.954816 0 0 1.201908 5.03402 0 0 0 0 0 0 5.03402 0 0 5.03402 0 10.18255 5.03402 5.03402 0 0 0 7.43333 7.43333 26.99561 0 25.45443 34.09981 0 0 1.177504 3.449665 0 0.6339925 1.177504 19.17133 26.99561 5.03402 0 0 7.3013 25.45443 0 1.082393 0 0 0 0 0 0 0 0 2.234179 54.20686 0 1.682971 11.45366 0 7.43333 0 0 0 0 0 0
0 1.201908 0 0 0 1.201908 0 0 0 0 26.99561 26.99561 0 1.201908 6.866666 13.69254 1.201908 7.954816 7.82166 7.43333 7.43333 4.218753 7.43333 26.99561 0 0 7.43333 0 0 0 0 26.99561 25.45443 0 34.09981 0 25.45443 5.03402 0 26.99561 26.99561 0 0 6.866666 0 1.201908 0 25.45443 0 0 1.79773 10.18255 7.3013 25.45443 25.45443 0 7.43333 1.682971 0 0 0 0 34.09981 54.20686 14.4737 2.148766 0 0 26.99561 0 1.201908 0.1627531 1.682971 0 1.682971 0 1.682971
26.99561 11.03054 0 7.82166 0 0 0 7.82166 7.82166 0 0 1.177504 1.082393 0 26.99561 25.45443 0 26.99561 11.45366 11.45366 1.177504 1.682971 1.682971 26.99561 1.177504 1.201908 0 7.43333 7.43333 7.43333 26.99561 7.43333 9.208659 0 1.79773 0 7.82166 7.43333 0 0 0 0 1.082393 0 26.99561 1.201908 1.082393 0 0 1.201908 1.201908 7.954816 1.082393 0 26.99561 25.45443 14.4737 14.4737 0 0 13.69254 0 2.578582 14.4737 0 0 0 7.43333 26.99561 25.45443 1.082393 0 2.234179 7.43333 0 0 0
26.99561 1.082393 26.99561 0 25.45443 0 0 26.99561 1.177504 1.177504 0 7.43333 1.201908 0 0 7.82166 0 1.201908 0 0 26.99561 0 26.99561 7.43333 1.201908 0 0 7.82166 0 0 1.082393 0 1.201908 0 5.03402 26.99561 0 0 25.45443 25.45443 26.99561 0 0 14.4737 5.03402 7.43333 0 7.43333 7.43333 7.43333 7.43333 0 2.578582 0 0 34.09981 14.4737 0 5.03402 0 0 0 10.18255 0 2.578582 0 10.18255 1.082393 0 26.99561 0 7.43333 0 1.082393 2.234179 54.20686 2.234179
