rf_totBA.asc
ncols         1040
nrows         514
xllcorner     497943.03125
yllcorner     5178296
cellsize      30
NODATA_value  -9999
[rows 450 to 479 of 514, columns 402 to 468 of 1040]
42.52432 0.1 0.1 0.1 0.1 0.1 0.1 4.859941 0.1 0.1 36.00279 0.1 36.00279 42.52432 0.1 30.49033 49.36199 0.1 0.1 0.1 0.1 0.4356352 0.4356352 0.5451384 0.1 0.1 0.1 4.859941 49.95125 0.1 2.213717 35.45727 12.04135 17.507 4.859941 30.49033 4.859941 18.46663 4.859941 4.859941 4.859941 25.4498 0.1 4.859941 0.1 0.1 4.859941 0.1 4.859941 0.1 0.1 4.859941 4.859941 36.00279 4.859941 4.859941 17.507 36.00279 0.3383963 0.4356352 0.1 0.1 2.213717 0.1 36.00279 17.507 66.56771
12.04135 0.1 0.1 0.1 0.1 0.1 0.1 0.1 0.1 0.1 0.1 0.1 76.18685 49.95125 0.4356352 0.1 38.64851 12.04135 0.1 0.4356352 0.4356352 18.74045 0.4356352 0.4356352 0.4356352 4.149109 0.1 12.04135 47.88182 0.1 28.03446 4.859941 0.1 0.4356352 0.1 0.1 4.859941 4.859941 4.859941 36.00279 0.1 36.00279 0.1 0.1 0.1 4.859941 0.1 4.859941 4.859941 4.859941 0.1 0.1 0.1 0.1 18.46663 36.00279 0.1 4.859941 35.64657 13.57071 0.1 0.5451384 0.1 0.1 4.859941 36.00279 4.859941
0.1 0.1 0.1 0.1 0.1 0.1 0.1 0.1 0.1 0.1 0.1 0.1 0.1 0.4356352 18.74045 4.859941 36.00279 36.00279 0.4356352 12.1068 4.859941 18.74045 18.74045 49.36199 0.4356352 0.3383963 0.1 14.81698 4.859941 0.5451384 28.03446 2.520577 13.57071 2.520577 0.1 2.213717 0.1 42.52432 4.859941 0.1 0.1 0.1 0.1 4.859941 35.64657 4.859941 4.859941 0.1 4.859941 4.859941 4.859941 4.859941 0.1 0.1 0.1 0.1 0.1 0.1 4.859941 0.1 0.1 0.4356352 0.1 0.1 4.859941 36.00279 4.859941
0.1 0.1 0.1 0.1 0.1 0.1 0.1 0.1 0.1 4.859941 0.1 12.04135 4.859941 0.3383963 10.39768 0.4356352 30.49033 0.4356352 17.507 2.213717 0.1 14.81698 18.74045 18.74045 0.1 0.4356352 0.1 0.1 17.507 47.88182 36.00279 12.04135 42.52432 0.1 0.1 21.49042 30.49033 0.1 0.1 0.1 0.1 0.1 0.1 0.1 4.859941 4.859941 17.507 36.00279 0.1 0.1 18.74045 4.859941 0.1 0.1 0.1 0.1 0.1 0.1 67.55311 2.213717 0.1 0.1 0.1 0.1 0.1 18.46663 4.859941
0.1 0.1 0.1 0.1 0.1 0.1 0.1 0.1 0.1 0.1 0.1 4.859941 4.859941 35.45727 18.74045 0.5451384 0.1 12.04135 4.859941 0.1 0.4356352 0.1 0.4356352 12.04135 4.859941 13.96298 0.1 0.1 12.04135 17.507 30.49033 49.95125 0.1 12.04135 0.1 0.4356352 59.93782 21.49042 0.1 0.1 0.1 0.1 0.1 36.00279 4.859941 4.859941 4.859941 0.1 0.1 4.859941 0.1 0.1 0.4356352 0.1 0.1 0.1 0.1 4.859941 12.04135 4.859941 18.74045 0.1 0.1 0.1 4.859941 4.859941 36.00279
0.1 0.1 0.1 0.1 0.1 0.1 0.1 18.74045 0.1 0.1 0.1 67.55311 0.1 35.64657 2.213717 0.1 0.1 0.1 4.859941 0.4356352 0.4356352 0.4356352 0.4356352 0.4356352 0.1 0.4356352 0.1 12.9588 12.04135 36.00279 12.04135 0.4356352 0.4356352 0.1 0.5451384 2.520577 0.4356352 49.36199 0.1 0.3383963 0.3383963 0.1 4.859941 4.859941 0.1 36.00279 4.859941 18.46663 0.1 4.859941 0.1 0.1 2.213717 0.1 0.1 0.1 0.1 0.1 0.1 0.1 2.213717 0.1 0.1 0.1 4.859941 4.859941 4.859941
0.1 0.1 0.1 0.1 0.1 0.1 0.1 0.1 4.859941 0.1 4.859941 0.1 0.5451384 18.46663 64.54409 18.74045 0.1 18.74045 4.859941 0.1 18.74045 4.859941 0.4356352 0.1 0.4356352 0.1 2.213717 2.213717 0.1 36.00279 36.00279 49.95125 49.36199 0.1 54.91043 77.14522 49.95125 0.1 0.4356352 0.1 0.1 0.1 0.1 0.1 0.1 4.859941 4.859941 0.1 18.46663 0.1 0.1 0.1 0.1 0.1 0.1 4.859941 0.1 0.1 4.859941 4.859941 2.213717 0.1 0.1 0.1 4.859941 4.859941 4.859941
0.1 0.1 0.1 0.1 0.1 0.1 0.1 0.1 0.1 0.1 0.1 4.859941 18.74045 36.00279 12.04135 2.213717 0.1 27.45828 0.1 0.1 0.1 0.1 0.1 0.1 2.213717 14.60172 2.213717 0.3383963 0.1 4.859941 4.859941 4.859941 49.95125 18.74045 10.39768 18.74045 49.95125 49.95125 4.859941 0.1 4.859941 0.1 0.1 0.1 4.859941 36.00279 0.1 0.1 4.859941 0.1 18.46663 0.1 0.1 4.859941 4.859941 4.859941 0.1 4.859941 0.1 0.1 2.213717 0.1 0.1 0.3383963 0.1 4.859941 4.859941
0.1 0.1 0.1 0.1 0.1 0.1 0.1 0.1 0.1 4.859941 4.859941 2.213717 0.1 4.859941 11.92202 12.04135 0.1 18.74045 0.1 0.1 0.1 0.1 0.1 0.1 0.4356352 0.1 0.1 0.1 2.213717 4.859941 4.859941 54.91043 35.45727 35.64657 0.1 0.1 0.4356352 36.00279 0.4356352 0.4356352 0.4356352 14.81698 2.213717 0.4356352 17.507 0.4356352 0.1 2.213717 0.1 0.1 0.1 0.1 0.1 0.1 0.1 4.859941 0.1 4.859941 0.1 4.859941 4.859941 0.1 0.1 0.1 0.1 4.859941 0.1
0.1 0.1 0.1 0.3383963 0.1 0.1 0.1 0.1 0.1 0.1 0.1 0.1 0.1 0.1 36.00279 12.04135 28.14178 0.1 0.1 0.1 0.1 0.1 0.1 0.1 0.1 0.3383963 0.1 0.1 0.1 0.1 0.1 18.46663 18.46663 36.00279 64.54409 49.95125 0.1 0.1 0.1 14.81698 42.52432 0.3383963 17.507 17.507 42.52432 0.4356352 17.507 0.4356352 47.58523 36.00279 18.74045 17.507 0.1 0.1 0.1 0.1 0.1 0.1 4.859941 4.859941 25.4498 0.1 0.1 0.1 2.213717 4.859941 4.859941
0.1 0.1 0.1 0.1 0.1 0.1 0.1 0.1 0.1 0.1 12.04135 2.213717 0.1 0.1 4.859941 36.00279 4.859941 27.45828 0.1 0.1 0.1 0.1 0.1 0.1 0.1 21.49042 0.1 0.1 0.1 0.1 0.1 0.1 36.00279 0.1 35.45727 49.95125 77.90473 36.00279 18.74045 0.4356352 0.4356352 12.04135 0.4356352 0.1 2.213717 42.52432 0.1 0.4356352 4.859941 17.507 0.1 2.213717 27.45828 4.859941 0.1 0.1 0.1 0.1 18.74045 4.859941 0.3383963 0.4356352 0.3383963 0.4356352 0.1 0.1 0.1
0.4356352 0.1 0.1 0.1 0.1 0.1 0.1 0.1 0.1 0.1 0.1 0.1 0.1 0.1 0.1 4.859941 36.00279 0.4356352 18.74045 0.1 0.1 0.1 0.1 0.1 0.1 13.95384 0.1 0.1 0.1 0.1 0.1 0.1 0.1 0.1 35.64657 35.64657 35.45727 35.45727 0.4356352 0.1 0.1 0.4356352 0.4356352 36.00279 36.00279 0.5451384 42.52432 0.4356352 21.00009 36.00279 17.507 4.859941 4.859941 4.859941 4.859941 4.859941 36.00279 12.04135 18.74045 12.04135 0.5451384 0.4356352 0.4356352 0.1 2.213717 0.1 4.859941
0.1 0.1 0.1 0.1 0.1 0.1 0.1 0.1 0.1 0.1 0.1 0.1 0.1 0.1 0.1 36.00279 36.00279 4.859941 10.39768 0.4356352 0.5451384 0.1 0.3383963 0.1 0.1 0.1 0.1 0.1 0.5451384 0.1 0.5451384 0.1 0.1 0.1 0.1 4.859941 49.95125 10.39768 0.1 0.5451384 0.4356352 47.88182 0.1 17.507 18.74045 0.4356352 0.5451384 10.39768 14.81698 0.1 17.507 36.00279 18.46663 4.859941 0.1 4.859941 36.00279 4.859941 4.859941 18.46663 2.213717 0.1 0.1 0.1 0.1 4.859941 18.46663
0.1 0.1 0.1 0.1 0.1 0.1 0.1 0.1 0.1 0.1 0.1 0.1 0.1 0.1 4.859941 36.00279 36.00279 36.00279 36.00279 0.3383963 17.507 0.5451384 0.1 0.1 0.4356352 0.1 0.1 0.1 0.1 0.1 0.1 0.1 0.1 0.1 0.1 30.49033 49.95125 49.95125 2.213717 49.95125 0.4356352 0.1 36.00279 0.1 2.213717 0.5451384 36.00279 0.3383963 0.1 21.49042 31.39076 4.859941 0.1 0.1 0.1 4.859941 0.1 4.859941 4.859941 4.859941 4.859941 18.74045 18.74045 0.1 0.1 4.859941 4.859941
0.1 0.1 0.1 0.1 0.1 0.1 0.1 0.1 0.1 0.1 0.1 0.1 0.1 4.859941 4.859941 30.49033 0.1 12.04135 4.859941 0.3383963 0.3383963 36.00279 17.507 0.1 0.1 0.4356352 18.74045 49.95125 53.02935 0.1 0.5451384 0.1 0.1 12.04135 0.1 0.1 12.04135 35.45727 18.46663 4.859941 0.1 0.1 18.74045 12.1068 0.1 18.74045 10.39768 18.74045 21.49042 0.4356352 0.3383963 0.1 0.1 18.46663 4.859941 0.1 0.1 4.859941 36.00279 4.859941 4.859941 12.04135 27.45828 0.4356352 4.859941 2.213717 17.507
0.1 0.1 0.1 0.1 0.1 0.5451384 0.1 0.1 0.1 0.1 0.1 0.1 0.1 18.46663 12.04135 30.49033 36.00279 4.859941 35.45727 0.4356352 13.57071 13.57071 36.00279 0.4356352 35.45727 18.74045 30.49033 49.95125 49.95125 64.54409 0.1 0.1 0.1 0.1 28.03446 0.1 4.859941 35.45727 36.00279 0.1 4.859941 0.1 0.4356352 4.859941 4.859941 21.49042 0.1 12.04135 21.49042 59.93782 2.213717 0.1 4.859941 4.859941 4.859941 4.859941 0.1 0.1 4.859941 0.1 36.00279 0.3383963 0.1 0.1 0.1 2.213717 0.1
0.1 0.1 0.1 0.1 18.74045 0.1 0.1 0.1 0.1 0.1 0.1 0.1 4.859941 4.859941 12.04135 17.507 11.92202 12.04135 12.04135 4.859941 0.1 0.4356352 14.81698 0.3383963 0.4356352 4.859941 36.00279 36.00279 10.39768 0.4356352 4.859941 0.1 0.1 0.1 0.1 28.03446 36.00279 4.859941 0.1 0.1 0.1 0.1 0.1 0.1 13.57071 12.04135 36.00279 0.1 0.4356352 0.4356352 0.3383963 0.4356352 0.1 0.1 0.1 0.1 0.1 4.859941 0.1 0.1 4.859941 36.00279 0.5451384 0.1 0.1 0.1 18.74045
0.1 0.1 4.859941 0.1 0.1 0.1 0.1 0.1 2.213717 0.3383963 0.1 0.1 0.1 4.859941 4.859941 0.1 12.04135 12.04135 17.507 12.04135 0.4356352 0.3383963 0.3383963 0.4356352 0.4356352 0.4356352 4.859941 18.74045 49.95125 4.859941 0.1 0.1 0.1 0.4356352 0.3383963 2.213717 2.213717 4.859941 4.859941 18.46663 4.859941 4.859941 4.859941 36.00279 36.00279 28.14178 17.507 12.04135 0.1 0.4356352 0.4356352 4.859941 18.74045 0.1 2.213717 0.1 18.74045 18.74045 4.859941 4.859941 0.1 36.00279 21.00009 0.1 0.1 2.213717 0.4356352
0.4356352 0.1 0.4356352 4.859941 0.1 0.1 0.4356352 0.4356352 0.3383963 0.3383963 2.213717 4.859941 0.1 0.1 18.74045 0.1 0.1 36.00279 12.04135 4.859941 2.213717 0.3383963 0.5451384 0.4356352 10.39768 49.95125 35.45727 49.95125 68.1764 18.74045 0.1 0.1 0.1 0.1 0.1 0.1 0.1 0.1 0.1 0.1 0.1 4.859941 4.859941 49.95125 36.00279 27.45828 0.3383963 0.1 0.5451384 0.1 0.1 0.1 0.5451384 0.4356352 0.1 0.1 18.74045 36.00279 36.00279 2.213717 0.1 0.1 28.14178 10.39768 2.213717 4.859941 0.1
0.1 2.213717 36.00279 12.04135 4.859941 0.1 0.4356352 0.4356352 13.96298 4.149109 2.213717 0.1 4.859941 0.1 0.1 2.213717 0.1 4.859941 4.859941 36.00279 18.74045 2.213717 0.1 0.4356352 0.1 64.54409 49.95125 35.45727 2.213717 0.1 0.1 0.1 0.1 0.1 0.1 0.1 0.1 0.1 0.1 0.1 0.1 4.859941 17.507 36.00279 12.04135 4.859941 0.3383963 36.00279 0.4356352 12.04135 0.4356352 18.74045 0.1 18.74045 4.859941 2.213717 4.859941 18.74045 0.1 0.1 4.859941 4.859941 4.859941 4.859941 36.00279 2.213717 2.213717
28.14178 30.49033 2.213717 0.1 18.74045 0.1 0.1 0.4356352 49.95125 0.1 28.03446 77.8966 18.46663 59.93782 64.54409 4.859941 30.49033 4.859941 4.859941 0.1 35.45727 35.45727 77.90473 64.54409 36.00279 21.49042 0.1 0.1 0.1 0.1 0.1 2.213717 0.1 0.1 0.1 0.1 0.1 0.1 0.1 4.859941 0.1 18.74045 4.859941 4.859941 12.04135 17.507 0.4356352 36.00279 27.45828 36.00279 0.1 18.74045 0.4356352 2.213717 4.859941 18.74045 0.1 79.63038 67.55311 49.95125 86.45049 35.45727 36.00279 36.00279 4.859941 4.859941 13.95384
0.3383963 0.1 4.859941 4.859941 67.55311 49.95125 49.95125 35.64657 31.39076 2.213717 4.859941 30.49033 12.04135 49.95125 36.00279 36.00279 11.92202 49.95125 36.00279 80.55521 49.95125 0.1 2.213717 49.95125 0.1 54.91043 0.1 0.1 0.1 0.1 0.1 0.1 0.1 0.1 0.1 0.1 0.1 0.1 0.1 4.859941 36.00279 0.1 0.1 17.507 18.46663 67.55311 12.04135 35.45727 0.1 36.00279 36.00279 18.46663 2.213717 49.95125 0.1 28.14178 35.64657 4.859941 35.45727 35.64657 67.55311 35.64657 4.859941 36.00279 36.00279 4.859941 2.213717
10.39768 10.39768 0.1 0.1 0.1 0.1 2.213717 4.859941 14.81698 2.213717 2.213717 35.45727 49.95125 36.00279 36.00279 36.00279 35.45727 36.00279 36.00279 4.859941 35.45727 36.00279 35.45727 49.95125 18.74045 14.81698 0.1 0.1 0.1 0.1 0.1 0.1 0.1 0.1 0.1 0.1 0.1 0.1 0.1 0.1 17.507 64.54409 12.1068 12.04135 4.859941 49.95125 30.49033 84.59006 36.00279 10.39768 0.5451384 12.1068 0.3383963 -9999 0.1 13.95384 4.859941 36.00279 55.81211 18.74045 0.1 4.859941 4.859941 0.1 18.74045 30.49033 0.1
0.1 0.1 28.03446 0.1 49.95125 4.859941 18.74045 49.95125 35.64657 0.1 0.1 2.213717 0.1 36.00279 36.00279 41.33904 4.859941 67.55311 49.95125 4.859941 4.859941 35.45727 18.46663 0.3383963 0.1 0.1 0.1 0.1 0.1 0.1 0.1 0.1 0.1 0.1 0.4356352 0.3383963 0.1 0.5451384 0.4356352 0.1 0.1 0.1 0.1 21.49042 30.49033 4.859941 36.00279 -9999 21.00009 18.74045 0.3383963 2.213717 36.00279 -9999 -9999 0.1 65.06585 36.00279 0.1 30.49033 0.1 17.507 4.859941 4.859941 36.00279 18.46663 4.859941
2.213717 0.1 0.1 4.859941 35.45727 0.1 49.95125 49.95125 0.1 0.1 2.213717 49.95125 12.9588 -9999 28.03446 75.30234 4.859941 49.95125 4.859941 30.49033 4.859941 35.45727 49.95125 2.213717 0.1 0.1 0.1 0.1 -9999 -9999 0.1 0.1 18.74045 18.74045 0.4356352 0.1 0.4356352 12.04135 0.4356352 4.859941 13.95384 4.859941 0.1 0.1 -9999 0.1 67.55311 -9999 0.1 -9999 -9999 -9999 0.1 -9999 -9999 -9999 4.859941 4.859941 35.45727 0.1 27.45828 0.1 13.95384 4.859941 12.04135 4.859941 4.859941
-9999 -9999 -9999 -9999 -9999 -9999 -9999 -9999 -9999 -9999 -9999 -9999 -9999 -9999 -9999 -9999 -9999 -9999 -9999 -9999 -9999 -9999 -9999 -9999 -9999 -9999 -9999 -9999 -9999 -9999 -9999 -9999 -9999 -9999 -9999 -9999 -9999 -9999 -9999 -9999 -9999 -9999 -9999 -9999 -9999 -9999 -9999 -9999 -9999 -9999 -9999 -9999 -9999 -9999 -9999 -9999 -9999 -9999 -9999 -9999 -9999 -9999 -9999 -9999 -9999 -9999 -9999
-9999 -9999 -9999 -9999 -9999 -9999 -9999 -9999 -9999 -9999 -9999 -9999 -9999 -9999 -9999 -9999 -9999 -9999 -9999 -9999 -9999 -9999 -9999 -9999 -9999 -9999 -9999 -9999 -9999 -9999 -9999 -9999 -9999 -9999 -9999 -9999 -9999 -9999 -9999 -9999 -9999 -9999 -9999 -9999 -9999 -9999 -9999 -9999 -9999 -9999 -9999 -9999 -9999 -9999 -9999 -9999 -9999 -9999 -9999 -9999 -9999 -9999 -9999 -9999 -9999 -9999 -9999
-9999 -9999 -9999 -9999 -9999 -9999 -9999 -9999 -9999 -9999 -9999 -9999 -9999 -9999 -9999 -9999 -9999 -9999 -9999 -9999 -9999 -9999 -9999 -9999 -9999 -9999 -9999 -9999 -9999 -9999 -9999 -9999 -9999 -9999 -9999 -9999 -9999 -9999 -9999 -9999 -9999 -9999 -9999 -9999 -9999 -9999 -9999 -9999 -9999 -9999 -9999 -9999 -9999 -9999 -9999 -9999 -9999 -9999 -9999 -9999 -9999 -9999 -9999 -9999 -9999 -9999 -9999
-9999 -9999 -9999 -9999 -9999 -9999 -9999 -9999 -9999 -9999 -9999 -9999 -9999 -9999 -9999 -9999 -9999 -9999 -9999 -9999 -9999 -9999 -9999 -9999 -9999 -9999 -9999 -9999 -9999 -9999 -9999 -9999 -9999 -9999 -9999 -9999 -9999 -9999 -9999 -9999 -9999 -9999 -9999 -9999 -9999 -9999 -9999 -9999 -9999 -9999 -9999 -9999 -9999 -9999 -9999 -9999 -9999 -9999 -9999 -9999 -9999 -9999 -9999 -9999 -9999 -9999 -9999
-9999 -9999 -9999 -9999 -9999 -9999 -9999 -9999 -9999 -9999 -9999 -9999 -9999 -9999 -9999 -9999 -9999 -9999 -9999 -9999 -9999 -9999 -9999 -9999 -9999 -9999 -9999 -9999 -9999 -9999 -9999 -9999 -9999 -9999 -9999 -9999 -9999 -9999 -9999 -9999 -9999 -9999 -9999 -9999 -9999 -9999 -9999 -9999 -9999 -9999 -9999 -9999 -9999 -9999 -9999 -9999 -9999 -9999 -9999 -9999 -9999 -9999 -9999 -9999 -9999 -9999 -9999
