rf_thpl.asc
ncols         1040
nrows         514
xllcorner     497943.03125
yllcorner     5178296
cellsize      30
NODATA_value  -9999
[rows 252 to 287 of 514, columns 656 to 737 of 1040]
0 0 13.8158 0 0 0 13.8158 8.732101 0 16.10899 0 4.945417 29.24462 9.631404 7.896247 0 12.86394 4.945417 35.85311 0 35.85311 0.6308638 0 0 8.732101 30.17772 8.732101 7.76597 0 29.24462 21.37929 32.01424 4.945417 0 8.732101 12.86394 4.945417 7.76597 35.51734 0 40.17192 30.17772 13.8158 0 30.17772 0 0 13.35552 0.6308638 0 8.732101 0 40.17192 8.732101 0 8.732101 4.945417 0 0 0 0 0 0 0 0 13.8158 0 0 0 0 0 16.10899 0 35.85311 8.732101 0 16.10899 18.48671 0 0 31.52079 0
0 0 13.8158 0 13.8158 35.85311 0.6308638 0 0 18.48671 22.53026 39.22969 29.24462 12.86394 45.3777 8.732101 30.17772 40.17192 0 0 16.10899 0 0 13.35552 0 0 30.17772 5.175373 9.631404 35.51734 40.17192 30.17772 8.732101 8.732101 34.81321 24.12488 0 0 0 4.945417 8.732101 13.35552 40.17192 4.945417 8.732101 9.120931 4.945417 0 61.4173 8.732101 13.35552 0 0 8.732101 0 13.35552 13.35552 0 0 9.120931 0 0 0 0 35.85311 13.8158 35.85311 0 0 0 0 0.6308638 31.52079 0 0 29.24462 18.48671 16.10899 4.945417 18.48671 31.52079 13.8158
13.8158 0 8.732101 12.86394 31.52079 29.24462 16.10899 0 0 8.732101 21.37929 0 18.48671 0 30.17772 30.17772 3.249118 0 0 4.945417 8.732101 0 0 0 35.85311 13.8158 8.732101 21.37929 0 4.945417 40.17192 8.732101 0.6308638 0.6308638 0 0 4.945417 30.17772 40.17192 0 12.86394 8.732101 21.37929 4.945417 45.29054 0 40.17192 40.17192 0 30.17772 8.732101 0 0 0 4.945417 0 0 0 0 0 13.35552 0 0 0 0 0 13.8158 0 0 0 13.8158 0 8.732101 8.732101 13.8158 8.732101 0.6308638 13.8158 29.24462 13.8158 35.85311 0
0 13.8158 16.10899 35.85311 8.732101 1.591176 13.8158 13.35552 13.35552 0 0 4.945417 0 0 4.945417 0 45.3777 0 16.10899 0 0 0 0 0 13.35552 4.945417 0 5.175373 0 8.732101 4.945417 16.10899 8.732101 0 45.3777 4.945417 13.35552 0 0 0 0.6308638 30.17772 0 4.945417 7.76597 9.120931 8.732101 0 31.52079 3.249118 3.249118 30.17772 0 0 13.35552 13.8158 0 0 13.35552 13.35552 0 0 0 16.10899 0 16.10899 16.10899 35.85311 13.8158 18.48671 8.732101 9.120931 24.12488 24.12488 0 0 0 9.120931 18.48671 0 0 0
13.8158 0 13.8158 8.732101 8.732101 13.35552 0 0 13.35552 8.732101 40.17192 0 16.10899 8.732101 9.120931 9.120931 0 13.8158 0 0 0 0 0 0 13.8158 13.8158 0.6308638 0 8.732101 30.17772 35.85311 30.17772 40.17192 0 0.6308638 30.17772 0 8.732101 0 45.3777 0 0 8.732101 12.86394 0 7.76597 0 0 31.52079 8.732101 8.732101 13.8158 0 0 0 0 8.732101 0 0 0 16.10899 0 13.8158 18.48671 16.10899 31.52079 8.732101 45.3777 29.24462 0 7.76597 0 0 35.85311 8.732101 22.53026 35.85311 8.732101 0.6308638 0 9.120931 0
30.17772 13.8158 0 45.3777 61.4173 35.85311 8.732101 0 0 12.86394 0 45.3777 45.3777 30.17772 13.35552 0 0 13.8158 0 0 8.732101 0 0 0 0 30.17772 30.17772 13.39106 0 8.732101 8.732101 13.35552 4.945417 0 30.17772 30.17772 13.8158 21.37929 0 40.17192 0 0 9.631404 4.945417 4.945417 0 0 40.17192 29.24462 0 0 15.50835 0 0 0 0 0 1.591176 0 13.35552 0 13.8158 0 0 29.24462 24.12488 18.48671 30.17772 7.76597 0 16.10899 0 16.10899 0 8.732101 0 0 0 0 13.8158 0 0
30.17772 35.85311 30.17772 0.6308638 13.35552 35.85311 13.8158 13.35552 13.35552 0 30.17772 0 13.35552 30.17772 0 0 0 0 0 0 0 0 0 7.76597 0 16.10899 40.17192 16.10899 31.52079 16.10899 0 8.732101 13.8158 35.85311 45.3777 4.945417 0 9.120931 9.120931 12.86394 8.732101 4.945417 12.86394 12.86394 0 16.10899 40.17192 0 0 8.732101 0.6308638 35.85311 0 0 0 0 0 13.35552 0 0 0 0 9.120931 0 0 18.48671 0 0 8.732101 24.12488 0 7.76597 18.48671 18.48671 0 0 9.120931 9.120931 0 0 0 0
0 13.8158 13.8158 13.8158 13.35552 0 0 0 0 31.52079 4.945417 13.8158 13.8158 13.8158 0 8.732101 13.8158 0 0 0 0 0 8.732101 12.86394 0 4.945417 0 16.10899 8.732101 12.86394 9.120931 0 0 29.24462 0 35.51734 0 45.3777 9.120931 0 0 0.6308638 29.24462 0 0 0 4.945417 16.10899 16.10899 1.591176 35.85311 0 0 0 0 0 0 16.10899 0 35.85311 32.01424 9.120931 9.120931 13.8158 0 13.8158 0 0 0 0 24.12488 0 0 18.48671 24.12488 0 0 0 0 0 0 0
0 13.8158 0 13.35552 13.35552 13.35552 13.8158 13.8158 0 0 0 13.8158 13.8158 0 8.732101 13.8158 35.85311 13.8158 13.8158 13.8158 0 0 34.81321 34.81321 0 4.945417 9.631404 0 35.85311 0 0 0 0.6308638 0.6308638 0 31.52079 0 1.591176 13.35552 13.35552 1.591176 0 31.52079 0 0 30.17772 0 45.3777 31.52079 0 3.249118 0 35.85311 0 0 0 8.732101 0 8.732101 45.29054 9.120931 45.29054 0 22.53026 0 9.120931 0 0 0 8.732101 0 0 0 0 0 0 0 0 8.753439 0 0 9.120931
0 13.8158 13.8158 13.35552 13.35552 13.8158 8.732101 0 0 35.85311 13.8158 0 13.8158 35.85311 0 0 13.8158 0 0 0 0 8.732101 1.591176 8.732101 13.35552 0 0 0 0 39.22969 31.52079 4.945417 0 0 0 0 9.631404 1.591176 61.4173 0 45.3777 0 29.24462 0 0 0.6308638 4.945417 35.85311 30.17772 1.591176 4.945417 0 13.35552 0 0 40.17192 0 18.48671 15.50835 40.17192 0 4.945417 0 0 0 0 0 18.48671 0 35.85311 0 4.945417 0 0 16.10899 0 0 0 0 0 0 0
0 0 0 13.8158 13.8158 13.8158 13.8158 13.35552 0 13.35552 0 35.85311 0 13.8158 0 35.85311 0 13.8158 8.732101 0 8.732101 0 40.17192 13.35552 0 0 13.8158 12.86394 0 0 0 0 0 0 0 35.85311 0 7.896247 13.8158 30.17772 30.17772 0 50.99897 9.120931 0 9.120931 29.24462 9.120931 13.8158 8.732101 3.249118 0 0 13.8158 30.17772 4.945417 0 3.249118 0 8.732101 0 30.17772 0 0 0 8.732101 8.732101 0 0 35.85311 9.120931 0 0 0 8.732101 0 0 0 0 0 0 0
0 13.8158 0 0 0 13.35552 13.35552 13.35552 0 13.8158 13.35552 45.29054 0.6308638 13.8158 13.35552 13.8158 35.85311 0 29.24462 29.24462 31.52079 40.17192 0 30.17772 0 12.86394 0 45.3777 0 9.120931 61.4173 0 0 0 0 4.945417 0 12.86394 0 45.3777 8.732101 30.17772 0 0 13.35552 16.10899 45.29054 35.51734 0 0 0 0 0 4.945417 1.591176 30.17772 0 0 13.35552 1.591176 0 30.17772 8.732101 8.732101 0 0 24.12488 0 0 8.732101 0 0 31.52079 0 0 0 0 0 0 24.12488 0 0
13.8158 0 30.5464 0 0 13.35552 0 13.8158 13.8158 13.35552 13.35552 13.35552 13.35552 0 13.8158 0.6308638 30.17772 30.17772 29.24462 29.24462 30.17772 0 18.48671 0 8.732101 45.3777 13.35552 0 29.24462 45.3777 0 8.732101 0 3.249118 30.17772 16.10899 45.3777 0 35.85311 13.35552 35.85311 0 0 13.35552 0 0 30.17772 13.35552 13.8158 3.249118 0 30.17772 30.17772 13.8158 8.732101 30.17772 16.10899 0 0 9.120931 16.10899 13.35552 0 0 13.35552 0 0 0 0 18.48671 0 8.732101 8.732101 0 0 0 31.52079 0 0 0 0 4.945417
0 0 0 0 13.8158 13.35552 8.732101 13.8158 13.8158 35.85311 13.8158 35.85311 13.35552 0 13.8158 40.17192 4.945417 30.17772 0 29.24462 0.6308638 0 0 18.48671 35.85311 4.945417 4.945417 0 30.17772 30.17772 30.17772 45.3777 29.24462 35.85311 0.6308638 45.3777 0 0 13.8158 4.945417 0 3.249118 0 8.732101 0 0.6308638 0 13.8158 0 30.17772 8.732101 30.17772 30.5464 0 0 35.85311 0 0 8.732101 0.6308638 13.8158 8.732101 0 0 8.732101 0 0 0 24.12488 8.732101 0 0 0 0 0 31.52079 0 0 9.120931 0 0 4.945417
0 13.8158 13.35552 13.35552 13.35552 13.35552 13.8158 13.35552 13.8158 0 0 0 0 13.35552 0 13.35552 0 35.85311 0 24.12488 4.945417 81.95272 21.37929 0.6308638 40.17192 0 0 0.6308638 31.52079 8.732101 13.35552 0 0 13.35552 8.732101 13.8158 0 13.8158 45.29054 30.17772 30.17772 61.4173 0 29.24462 0 35.85311 0 0 16.10899 8.732101 0 21.37929 0 0 35.85311 9.120931 0 13.8158 31.52079 0 4.945417 45.3777 7.76597 0 4.945417 0 0 0 24.12488 0 0 0 0 0 0 8.732101 8.732101 24.12488 0 0 0 0
13.8158 13.8158 13.8158 13.35552 13.8158 13.35552 13.35552 13.8158 13.8158 0 0 0 13.35552 13.35552 13.8158 13.8158 13.8158 0 0 8.732101 0 13.35552 0 0 29.24462 0 0 0 35.85311 8.732101 16.10899 4.945417 29.24462 18.48671 18.48671 30.17772 35.85311 13.8158 13.35552 3.249118 30.17772 61.4173 13.35552 0 13.35552 8.732101 0 13.35552 4.945417 0 0 0 35.85311 0 0 35.85311 0 0 0.6308638 7.76597 7.76597 8.732101 7.76597 0 0 0 8.732101 0 0 0 7.76597 0 8.732101 18.48671 0 4.945417 12.86394 0 0 4.945417 0 0
30.17772 8.732101 13.8158 0 0 30.17772 8.732101 0 0 0 22.53026 0 35.85311 0 0 0 0 0 13.8158 13.35552 35.85311 4.945417 0 0 45.3777 0 30.17772 35.85311 0 30.17772 13.8158 0 29.24462 0.6308638 0 29.24462 0 0 0 13.35552 13.35552 8.732101 30.17772 30.17772 9.120931 0 35.85311 0 31.52079 0 0 30.17772 0 0 0 0 4.945417 0 0 0 31.52079 4.945417 35.85311 0 8.732101 0 0 0 7.76597 24.12488 0 0 0 9.120931 0 0 4.945417 7.76597 0 4.945417 0 0.6308638
0 0 30.17772 4.945417 22.53026 13.35552 45.3777 13.35552 0 0 0 0 13.8158 0 13.35552 0 0 13.35552 0 13.35552 13.35552 0 1.591176 61.4173 0 0 0 16.10899 31.52079 13.8158 8.732101 0 1.591176 29.24462 0 0 0 0 7.896247 45.3777 13.35552 81.95272 13.35552 35.85311 0 30.17772 13.8158 0 13.8158 0 0 13.35552 0 4.945417 30.17772 8.732101 13.8158 12.86394 45.3777 0 4.945417 12.86394 0 0 0 8.732101 8.732101 0 0 0 0 0 0 0 4.945417 4.945417 4.945417 0 0 0 0 4.945417
13.8158 16.10899 45.3777 0 0 0.8414855 0 9.120931 13.35552 0 0 13.8158 13.35552 0 0 0 13.35552 13.8158 8.732101 0 0 0 13.35552 0 29.24462 4.945417 0.6308638 0.6308638 0 13.8158 8.732101 0 61.4173 0 0 16.10899 0 30.17772 0 0 0 0 3.249118 13.35552 4.945417 30.17772 13.8158 0 0 0 3.249118 3.249118 13.35552 0 61.4173 8.732101 45.3777 3.249118 0 30.17772 13.8158 13.35552 0 0 13.35552 8.732101 4.945417 0 0 0 0 5.175373 21.37929 0 4.945417 0 4.945417 0 0.6308638 4.945417 0 0
0 0 13.35552 0 0 0 9.120931 0 0 0 0 0 0 13.35552 0 13.8158 13.8158 13.35552 13.35552 13.35552 0 0 18.48671 45.3777 12.86394 0 18.48671 13.35552 30.17772 30.17772 8.732101 3.249118 13.8158 45.3777 16.10899 4.945417 0 16.10899 30.17772 45.3777 3.249118 3.249118 3.249118 0 30.17772 30.17772 30.17772 0 53.64764 0 13.35552 3.249118 30.17772 13.35552 13.35552 30.17772 81.95272 0 0.6308638 13.8158 16.10899 0 0 8.732101 13.35552 0 5.175373 13.35552 13.35552 13.35552 8.732101 30.17772 8.732101 0 0 0 0 4.945417 8.732101 0 0 0
8.732101 13.8158 3.249118 0 0 0 22.53026 0 0 0 0 13.8158 13.35552 13.8158 0 13.35552 13.35552 13.8158 13.35552 0 0 0 18.48671 0 0 0 16.10899 0 0 31.52079 3.249118 0 30.17772 0 0 9.120931 0 22.53026 30.17772 35.85311 30.17772 0 30.17772 45.29054 13.8158 45.29054 30.17772 0 31.52079 35.85311 0 45.3777 30.17772 3.249118 0 1.591176 0 8.732101 0 8.732101 8.732101 0 8.732101 8.732101 0 0 0 0 0 13.35552 13.35552 0 8.732101 0 4.945417 0 8.732101 21.37929 0 9.631404 0 0
8.732101 13.35552 13.35552 13.35552 0 13.35552 0 0 0 0 13.8158 13.8158 13.35552 13.8158 8.732101 13.8158 35.85311 13.8158 0 0 13.35552 0 0 8.732101 29.24462 0 0 0 16.10899 16.10899 30.17772 3.249118 3.249118 1.591176 29.24462 0 0 45.29054 0 0 0 45.29054 30.17772 30.17772 30.17772 30.17772 0 0 0 0 0 13.35552 30.17772 30.17772 35.85311 0 0 13.35552 0 13.35552 0 13.35552 8.732101 4.945417 18.48671 0 8.732101 13.35552 30.17772 13.8158 0 0 0 13.35552 8.732101 0 8.732101 0 8.732101 8.732101 0 0
35.85311 13.8158 13.35552 13.8158 0 13.8158 13.35552 13.35552 0 8.732101 13.35552 13.8158 13.35552 45.3777 16.10899 13.35552 30.17772 0 0 0 13.8158 13.8158 0 4.945417 0 0 0 0 0 0 1.591176 30.17772 13.35552 0 45.3777 0 45.3777 30.17772 16.10899 45.29054 0 22.53026 13.8158 45.29054 0 0 0 32.01424 0 0 45.3777 0 29.24462 8.732101 0 13.35552 13.35552 13.35552 8.732101 8.732101 4.945417 30.17772 0 9.120931 8.732101 13.8158 0 35.85311 13.35552 16.10899 0 35.85311 13.35552 0 0 30.17772 8.732101 8.732101 8.732101 0 0 8.732101
30.17772 13.35552 13.35552 13.35552 0 13.35552 13.8158 13.35552 13.8158 13.35552 13.35552 0 30.17772 0 0 0 4.945417 0 0 0 0 0 13.35552 30.17772 13.35552 30.17772 0 0 0 29.24462 0 0 9.120931 1.591176 0 30.17772 0 30.17772 45.29054 0 16.10899 31.52079 17.27986 16.10899 0 0.6308638 0 0 0 29.24462 30.17772 16.10899 29.24462 29.24462 29.24462 40.17192 30.17772 13.35552 13.35552 13.35552 0 8.732101 30.17772 8.732101 0 13.35552 0 0 0 13.35552 8.732101 13.8158 13.35552 0 0 13.35552 0 13.35552 0 8.732101 0 8.732101
0 13.35552 0 8.732101 35.85311 45.3777 13.35552 30.17772 30.17772 13.35552 35.85311 30.17772 45.3777 0 0 0 0 0 0 0 0 0 13.8158 0 61.4173 0 30.17772 0 35.85311 0 0 32.01424 0 13.35552 0 29.24462 35.85311 30.17772 45.29054 16.10899 31.52079 0 31.52079 0 0 0 30.17772 0 30.17772 0 29.24462 0 29.24462 16.10899 0 16.10899 4.945417 8.732101 13.8158 0 0 8.732101 8.732101 30.17772 0 8.732101 35.85311 8.732101 0 8.732101 8.732101 0 8.732101 30.17772 13.8158 0 0 0 13.35552 8.732101 0 0
0 0 22.53026 13.35552 13.8158 0 0 0 8.732101 35.85311 35.85311 0 13.8158 13.8158 0 0 13.8158 0 0 0 0 0 0 13.8158 30.17772 8.732101 0 0 0 0 0 9.120931 0 30.17772 30.17772 29.24462 3.249118 0 0 45.29054 30.17772 0 30.17772 0 45.3777 0 8.732101 13.8158 8.732101 13.8158 0 8.732101 8.732101 35.51734 0 18.48671 0 32.01424 31.52079 0 0 13.35552 0.6308638 30.17772 0 16.10899 16.10899 8.732101 0 0 24.12488 13.8158 0 0 22.53026 0 13.8158 0 0 13.35552 8.732101 13.8158
13.8158 0 0 0 0 13.8158 22.53026 13.8158 0 35.85311 0 0 13.35552 13.8158 0 13.8158 13.35552 13.35552 0 0 0.8414855 0 0 0 30.17772 0 30.17772 30.17772 9.631404 29.24462 0 0 13.8158 30.17772 13.8158 30.17772 0 0 0 0 0 35.85311 13.35552 30.17772 0 0 0 1.591176 30.17772 35.85311 0 13.8158 0 0 0 0 0 18.48671 0 0 0 35.51734 8.732101 0 16.10899 13.8158 0 35.85311 0 0 9.120931 0 13.35552 13.35552 13.8158 13.8158 4.945417 0 0 8.732101 13.35552 8.732101
13.35552 13.35552 13.35552 13.8158 13.35552 13.8158 0 13.8158 13.8158 0 13.35552 0 13.35552 13.35552 0 0 0 0 13.8158 0 4.945417 30.17772 81.95272 30.17772 0 18.48671 0 3.249118 30.17772 7.896247 0 0 0 30.17772 0 18.48671 16.10899 16.10899 0 0 13.35552 0 30.17772 13.8158 0 30.17772 30.17772 31.52079 31.52079 16.10899 35.85311 30.17772 13.8158 13.8158 0 13.35552 0 8.732101 0 31.52079 24.12488 0 0 35.85311 0 0 8.732101 4.945417 0 0 18.48671 0 0.6308638 0 4.945417 0 0 0 0 0 0 0
0 0 13.8158 13.8158 13.8158 13.8158 13.35552 13.8158 13.8158 0 13.35552 0 13.8158 13.35552 0 13.8158 0 1.739099 0 0 45.3777 3.249118 45.29054 1.591176 45.3777 0 45.29054 13.8158 81.95272 3.249118 30.17772 0 0 35.85311 16.10899 22.53026 0 13.8158 22.53026 0 0 35.85311 30.17772 3.249118 13.8158 0 0 16.10899 22.53026 8.732101 13.8158 13.8158 13.8158 30.17772 35.85311 13.8158 8.732101 0 13.35552 8.732101 31.52079 0 9.631404 0 35.85311 13.8158 0 0 13.8158 0 0 35.85311 24.12488 0 0 24.12488 0 0 9.120931 0 0 8.732101
4.945417 0 0 4.945417 8.732101 12.62247 0 0 0 0 0 13.35552 0 13.8158 0 0 22.53026 0 0 0 3.249118 35.85311 30.17772 8.732101 30.17772 0 31.52079 0 30.17772 30.17772 4.945417 45.29054 0 30.17772 29.24462 31.52079 18.48671 31.52079 0 0 13.8158 13.8158 35.85311 8.732101 0 35.85311 35.85311 30.17772 13.8158 13.35552 8.732101 30.17772 0 13.8158 0 8.732101 35.85311 0 13.8158 13.35552 8.732101 0 0 0 0 8.732101 0 13.35552 8.732101 0 13.8158 0 0 8.732101 8.732101 8.732101 0 8.732101 18.48671 0 0 35.85311
0 22.53026 0 32.01424 0 0 32.01424 0 0 0 13.8158 0 0 0 0 13.35552 0 0 13.35552 0 0 9.120931 45.29054 45.3777 61.4173 0 0 13.8158 4.945417 0 30.17772 3.249118 0 45.29054 30.17772 13.8158 0 8.732101 0 9.631404 30.5464 22.53026 16.10899 13.8158 45.29054 13.35552 13.8158 13.8158 13.35552 8.732101 13.35552 8.732101 30.17772 13.35552 16.10899 0 0 0 30.17772 13.35552 8.732101 35.85311 35.85311 16.10899 35.85311 13.8158 13.8158 0 8.732101 0 8.732101 8.732101 8.732101 0 0 16.10899 0 0 0 0 0 13.8158
16.10899 0 0 32.01424 0 0 0 29.24462 13.8158 9.120931 13.8158 13.35552 0 13.8158 0 13.8158 0 0 13.8158 13.35552 22.53026 35.85311 0 3.249118 0 13.35552 0 0 0 13.8158 0 0 30.17772 45.3777 30.17772 0 0 31.52079 30.5464 3.92128 31.52079 31.52079 35.85311 16.10899 0 16.10899 13.8158 13.8158 13.8158 0 13.8158 0 0 13.8158 22.53026 0 30.17772 0 13.8158 8.732101 0 0 0 0 13.35552 8.732101 0 35.85311 13.8158 0 13.8158 8.732101 9.120931 8.732101 0 0 35.85311 0 0 0 0 0
13.8158 22.53026 13.35552 32.01424 0 0 0 32.01424 29.24462 4.945417 0 13.35552 13.8158 35.85311 0 13.8158 45.3777 13.8158 0 0 30.17772 35.85311 35.85311 0 30.17772 45.3777 61.4173 30.17772 3.249118 81.95272 0 0 0 0 45.29054 4.945417 0 13.8158 0 13.8158 31.52079 0 0 0 0 0 30.17772 0 35.85311 13.8158 31.52079 31.52079 31.52079 0 30.17772 16.10899 0 8.732101 0 8.732101 8.732101 0 0 0 0 13.35552 35.85311 0 8.732101 35.85311 0 30.5464 16.10899 0 0 0 0 0 0 0 0 0
0 45.29054 0 16.10899 0 16.10899 0 45.29054 31.52079 31.52079 9.631404 8.732101 0 0 8.732101 13.35552 30.17772 30.17772 30.17772 0 30.17772 30.17772 8.732101 30.17772 1.591176 45.3777 13.35552 61.4173 45.3777 45.3777 0 8.732101 0 0 30.17772 45.29054 21.10472 13.8158 31.52079 0 45.29054 31.52079 31.52079 45.29054 0 16.10899 45.29054 0 0 45.29054 22.53026 35.85311 0 0 0 31.52079 31.52079 13.8158 0 13.8158 13.35552 0 35.85311 0 0 16.10899 40.17192 8.732101 13.35552 0 35.85311 0 45.29054 0 8.732101 0 13.8158 0 0 0 0 0
0 35.85311 22.53026 22.53026 0 0 0 0 31.52079 31.52079 0 9.631404 22.53026 0 0 30.17772 30.17772 13.35552 0 0 30.17772 45.29054 30.17772 45.3777 61.4173 3.249118 45.3777 45.3777 13.35552 30.17772 30.17772 13.8158 30.17772 45.3777 0 31.52079 0 13.8158 13.8158 30.17772 30.17772 30.17772 35.51734 13.8158 45.29054 0 0 13.35552 35.85311 30.17772 8.732101 13.8158 0 31.52079 0 9.631404 0 31.52079 8.732101 8.732101 35.85311 0 13.35552 13.35552 13.8158 8.732101 13.35552 13.8158 0 4.945417 0 8.732101 13.8158 0 8.732101 13.35552 0 0 0 0 0 0
13.35552 31.52079 45.29054 45.29054 35.85311 31.52079 0 0 29.24462 9.631404 31.52079 0 31.52079 9.631404 0 7.896247 30.17772 0 30.17772 0 45.29054 45.29054 0 16.10899 0 35.85311 61.4173 3.249118 3.249118 4.945417 8.732101 30.17772 35.85311 0 30.5464 0 13.8158 22.53026 16.10899 31.52079 13.35552 0 13.8158 8.732101 0 22.53026 22.53026 0 8.732101 13.8158 31.52079 0.8414855 0 0 16.10899 0 0 8.732101 32.01424 0 0 0 0 0 0 13.8158 8.732101 35.85311 8.732101 0 13.8158 0 31.52079 8.732101 0 0 13.35552 0 0 0 0 0
