rf_totBA.asc
ncols         1040
nrows         514
xllcorner     497943.03125
yllcorner     5178296
cellsize      30
NODATA_value  -9999
[rows 240 to 269 of 514, columns 335 to 401 of 1040]
86.45049 53.02935 53.02935 65.06585 65.06585 79.63038 48.10621 53.02935 0.1 77.8966 54.91043 47.88182 13.57071 153.6541 59.93782 17.507 86.45049 53.02935 86.45049 65.06585 17.507 14.60172 59.93782 30.49033 55.6446 47.88182 18.46663 53.02935 80.55521 53.02935 30.49033 42.52432 30.49033 77.8966 13.57071 13.57071 0.1 30.49033 59.93782 66.56771 13.57071 54.91043 53.02935 17.507 76.18685 65.06585 29.31571 44.75604 59.93782 25.4498 53.02935 53.02935 79.63038 53.02935 30.49033 59.93782 41.33904 87.69107 47.88182 65.06585 79.63038 53.02935 65.06585 13.57071 59.32235 47.88182 79.63038
36.00279 31.16456 65.06585 47.88182 80.55521 31.16456 53.02935 53.02935 30.49033 59.93782 53.02935 31.16456 53.02935 13.57071 30.49033 65.06585 53.02935 53.02935 65.06585 65.06585 77.8966 17.507 77.8966 53.02935 59.93782 65.06585 55.6446 36.00279 80.55521 76.18685 47.88182 77.14522 30.49033 13.57071 54.91043 59.93782 53.02935 13.57071 30.49033 59.93782 53.02935 49.95125 59.93782 41.33904 49.95125 59.93782 44.75604 28.03446 36.00279 67.25651 53.02935 17.507 65.06585 80.55521 65.06585 67.32247 77.14522 75.30234 30.49033 53.02935 65.60933 79.63038 53.02935 67.32247 55.6446 65.06585 53.02935
77.8966 65.06585 77.8966 35.45727 53.02935 86.45049 53.02935 77.8966 65.06585 53.02935 54.91043 65.06585 17.507 67.25651 30.49033 153.6541 53.02935 55.6446 80.55521 53.02935 153.6541 53.02935 53.02935 53.02935 65.06585 80.55521 36.00279 18.46663 65.06585 36.00279 12.04135 53.02935 77.8966 53.02935 54.91043 13.57071 67.25651 13.57071 66.56771 13.57071 13.57071 53.02935 77.12319 13.57071 53.02935 87.69107 4.859941 0.1 46.3026 65.06585 86.45049 86.45049 53.02935 65.06585 59.93782 17.507 65.06585 17.507 46.3026 67.32247 65.60933 65.06585 30.49033 65.60933 65.06585 36.00279 65.06585
36.00279 65.06585 47.88182 47.88182 35.64657 53.02935 53.02935 65.06585 53.02935 59.93782 17.507 47.88182 65.06585 35.45727 17.507 67.25651 53.02935 65.06585 153.6541 153.6541 47.88182 53.02935 47.88182 77.8966 77.8966 77.8966 30.49033 77.8966 65.06585 17.507 36.00279 65.60933 53.02935 53.02935 13.57071 3.543274 30.49033 53.02935 30.49033 59.93782 30.49033 53.02935 13.57071 76.18685 59.93782 59.93782 13.57071 0.1 4.859941 59.93782 153.6541 53.02935 65.06585 65.06585 35.64657 65.06585 17.507 53.02935 53.02935 36.00279 55.6446 65.06585 87.69107 36.00279 41.33904 53.02935 65.06585
65.06585 53.02935 65.06585 36.00279 53.02935 36.00279 31.16456 36.00279 65.06585 67.25651 67.25651 36.00279 13.57071 66.56771 65.60933 30.49033 53.02935 65.06585 80.55521 18.46663 65.06585 77.8966 77.8966 66.55188 77.8966 3.543274 18.46663 18.46663 18.46663 47.88182 31.16456 17.507 67.25651 67.25651 77.8966 13.57071 47.88182 3.543274 3.543274 13.57071 42.52432 13.57071 59.93782 59.93782 59.93782 13.57071 3.543274 0.1 36.00279 13.57071 67.25651 77.8966 77.8966 17.507 17.507 23.36011 18.46663 17.507 17.507 17.507 36.00279 47.88182 0.1 0.1 17.507 36.00279 59.93782
65.06585 18.46663 3.543274 3.543274 13.57071 18.46663 18.46663 53.02935 47.88182 67.25651 67.25651 3.543274 3.543274 0.1 18.74045 0.1 17.507 0.1 18.46663 47.88182 65.06585 17.507 59.93782 53.02935 13.57071 0.1 0.1 18.46663 47.88182 47.88182 31.16456 17.507 3.543274 27.6913 13.57071 13.57071 13.57071 36.00279 67.25651 13.57071 66.56771 66.56771 3.543274 17.507 53.02935 0.1 0.1 4.859941 4.859941 36.00279 17.507 0.1 44.75604 30.84925 17.507 59.93782 17.507 18.46663 44.75604 36.00279 18.46663 30.49033 3.543274 3.543274 13.57071 41.33904 67.25651
17.507 18.46663 18.46663 47.88182 49.95125 3.543274 0.1 18.46663 17.507 30.49033 47.88182 13.57071 12.04135 17.507 3.543274 59.93782 44.75604 47.88182 17.507 17.507 18.46663 18.46663 36.00279 67.25651 0.1 12.04135 9.963825 17.507 18.46663 36.00279 36.00279 53.02935 47.88182 67.25651 53.02935 13.57071 30.49033 49.95125 53.02935 13.57071 59.93782 47.88182 67.25651 30.49033 3.543274 47.88182 35.64657 0.1 30.49033 17.507 0.1 0.1 36.90972 44.75604 17.507 17.507 66.56771 2.213717 44.75604 0.1 3.543274 77.8966 77.8966 13.57071 77.8966 3.543274 13.57071
0.1 18.46663 47.88182 13.57071 3.543274 0.1 18.46663 36.00279 18.46663 17.507 17.507 77.8966 3.543274 3.543274 12.04135 17.507 0.1 18.46663 18.46663 18.46663 36.00279 17.507 47.88182 17.507 59.93782 0.1 13.57071 36.00279 36.00279 18.46663 53.02935 30.49033 67.25651 77.8966 47.88182 41.33904 47.88182 47.88182 65.06585 17.507 30.49033 47.88182 47.88182 12.04135 18.46663 4.859941 30.84925 44.75604 59.93782 59.93782 29.31571 2.213717 29.31571 59.93782 59.93782 44.75604 66.56771 44.75604 17.507 3.543274 3.543274 3.543274 59.93782 30.49033 59.93782 3.543274 13.57071
44.75604 0.1 18.46663 4.859941 17.507 17.507 3.543274 23.36011 3.543274 17.507 0.1 59.93782 17.507 18.46663 3.543274 3.543274 18.46663 3.543274 18.46663 3.543274 18.46663 18.46663 18.46663 3.543274 13.57071 13.57071 3.543274 13.57071 18.46663 47.88182 18.46663 65.06585 13.57071 17.507 12.04135 13.57071 18.46663 53.02935 53.02935 3.543274 53.02935 65.06585 30.49033 65.06585 0.1 44.75604 30.84925 44.75604 30.84925 59.93782 76.18685 29.31571 36.90972 30.84925 2.213717 2.213717 66.56771 59.93782 59.93782 3.543274 67.25651 30.49033 47.88182 53.02935 67.25651 12.04135 30.49033
3.543274 67.25651 18.46663 47.88182 18.46663 67.25651 13.57071 13.57071 18.46663 17.507 65.06585 66.56771 3.543274 13.57071 3.543274 13.57071 3.543274 4.859941 18.46663 65.06585 77.8966 18.46663 65.06585 30.49033 47.88182 17.507 30.49033 67.25651 14.60172 47.88182 47.88182 36.00279 67.25651 67.25651 13.57071 13.57071 3.543274 3.543274 17.507 47.88182 47.88182 77.8966 67.25651 3.543274 2.213717 30.84925 2.213717 3.543274 66.56771 59.93782 13.57071 65.60933 66.56771 59.93782 36.90972 30.84925 59.93782 12.04135 12.04135 3.543274 36.00279 47.88182 65.06585 80.55521 31.16456 53.02935 44.75604
17.507 65.06585 13.57071 53.02935 30.49033 4.859941 4.859941 18.46663 47.88182 17.507 53.02935 18.46663 3.543274 13.57071 53.02935 3.543274 14.60172 44.75604 36.00279 18.46663 77.8966 65.06585 18.46663 13.57071 18.46663 77.8966 3.543274 25.4498 4.859941 36.00279 47.88182 30.49033 13.57071 67.25651 13.57071 13.57071 36.00279 47.88182 13.57071 3.543274 3.543274 13.57071 3.543274 49.95125 79.63038 44.75604 0.1 29.31571 67.25651 42.52432 30.84925 59.93782 14.81698 30.84925 77.8966 66.56771 30.84925 12.04135 59.93782 30.84925 35.92513 36.00279 77.8966 36.00279 17.507 18.46663 18.46663
3.543274 13.57071 17.507 14.81698 14.81698 3.543274 0.1 17.507 4.859941 13.57071 47.88182 77.8966 13.57071 59.93782 54.91043 12.04135 13.57071 0.1 30.84925 47.88182 65.06585 65.06585 53.02935 77.8966 0.1 18.46663 18.46663 59.93782 17.507 30.49033 47.88182 4.859941 53.02935 67.25651 53.02935 77.14522 77.8966 53.02935 59.93782 13.57071 53.02935 77.8966 13.57071 4.149109 29.31571 66.56771 13.57071 67.25651 42.52432 66.56771 13.57071 36.90972 14.81698 30.84925 59.93782 66.56771 30.84925 66.56771 66.56771 44.75604 44.75604 30.84925 12.04135 67.25651 36.00279 13.57071 47.88182
13.57071 13.57071 18.46663 0.3383963 77.8966 67.25651 67.25651 23.36011 17.507 18.46663 18.46663 17.507 4.859941 77.8966 17.507 0.1 17.507 14.60172 44.75604 18.46663 18.46663 65.06585 77.8966 53.02935 18.46663 17.507 17.507 67.25651 0.1 18.46663 47.88182 53.02935 13.57071 65.06585 53.02935 54.91043 53.02935 31.16456 65.06585 77.8966 77.8966 77.8966 13.57071 0.1 59.93782 77.8966 67.25651 66.56771 77.8966 13.57071 13.57071 67.25651 36.90972 30.84925 30.84925 30.84925 0.1 36.90972 30.84925 2.213717 76.18685 59.93782 3.543274 53.02935 47.88182 65.60933 30.49033
13.57071 13.57071 0.1 13.57071 13.57071 3.543274 3.543274 4.859941 14.60172 17.507 18.46663 77.8966 17.507 77.8966 47.88182 3.543274 18.46663 12.1068 18.46663 17.507 47.88182 36.00279 17.507 77.8966 18.46663 17.507 47.88182 17.507 0.1 17.507 47.88182 47.88182 67.25651 41.33904 65.06585 17.507 47.88182 17.507 77.8966 77.8966 47.88182 36.00279 30.49033 0.1 47.88182 65.06585 59.93782 3.543274 59.93782 59.93782 13.57071 12.04135 59.93782 66.56771 59.93782 0.1 13.57071 36.90972 59.93782 59.93782 30.49033 59.93782 3.543274 17.507 67.25651 30.49033 65.06585
13.57071 3.543274 13.57071 13.57071 13.57071 13.57071 3.543274 3.543274 3.543274 17.507 0.1 30.49033 18.46663 77.8966 77.8966 13.57071 41.33904 13.57071 0.1 18.46663 17.507 18.46663 0.1 17.507 18.46663 18.46663 17.507 18.46663 18.46663 17.507 36.00279 47.88182 47.88182 0.1 31.16456 47.88182 77.8966 17.507 17.507 47.88182 65.06585 17.507 30.84925 17.507 59.93782 47.88182 17.507 13.57071 3.543274 13.57071 59.93782 66.56771 59.93782 77.8966 66.56771 13.57071 59.93782 66.56771 66.56771 18.74045 13.57071 36.00279 12.04135 66.56771 44.75604 17.507 77.8966
13.57071 54.91043 77.8966 13.57071 13.57071 3.543274 13.57071 27.6913 67.25651 3.543274 47.88182 47.88182 0.1 17.507 53.02935 18.46663 30.49033 65.06585 30.49033 18.46663 18.46663 77.8966 18.46663 30.49033 0.1 3.543274 36.00279 18.46663 18.46663 17.507 17.507 17.507 77.8966 47.88182 17.507 65.06585 17.507 12.04135 47.88182 47.88182 65.06585 17.507 76.18685 59.93782 13.57071 3.543274 3.543274 13.57071 65.60933 44.75604 0.1 0.1 0.1 2.213717 66.56771 79.63038 66.56771 66.56771 66.56771 66.56771 59.93782 67.32247 17.507 0.1 0.1 36.00279 17.507
18.46663 65.06585 31.16456 53.02935 18.46663 59.93782 3.543274 3.543274 0.1 13.57071 17.507 47.88182 18.46663 77.8966 67.25651 17.507 77.8966 3.543274 36.00279 65.06585 53.02935 13.57071 18.46663 17.507 67.25651 18.46663 17.507 17.507 0.1 17.507 65.06585 47.88182 77.8966 65.06585 17.507 65.06585 47.88182 41.33904 3.543274 3.543274 36.00279 77.8966 13.57071 67.25651 54.91043 13.57071 59.93782 0.1 3.543274 47.88182 36.00279 77.8966 31.16456 53.02935 36.00279 4.859941 0.1 65.06585 2.213717 59.93782 44.75604 36.00279 65.06585 18.46663 12.1068 30.49033 17.507
65.06585 53.02935 67.25651 65.06585 47.88182 17.507 3.543274 0.1 77.8966 4.859941 47.88182 36.00279 65.06585 77.8966 12.04135 13.57071 13.57071 59.93782 67.25651 76.74863 67.25651 47.88182 47.88182 3.543274 13.57071 0.1 18.46663 18.46663 0.1 18.46663 47.88182 31.16456 80.55521 3.543274 30.49033 47.88182 65.06585 65.06585 0.1 0.1 12.04135 13.57071 3.543274 53.02935 59.93782 4.859941 13.57071 65.06585 65.06585 65.06585 47.88182 47.88182 36.00279 65.06585 65.06585 65.06585 65.06585 35.45727 36.00279 13.57071 65.06585 17.507 17.507 47.88182 30.84925 47.88182 13.57071
65.06585 65.06585 53.02935 13.57071 53.02935 47.88182 53.02935 0.1 3.543274 18.46663 47.88182 77.8966 36.00279 53.02935 12.04135 12.04135 67.25651 18.74045 44.75604 3.543274 36.00279 3.543274 0.1 0.1 3.543274 3.543274 0.1 0.1 0.1 17.507 17.507 17.507 0.1 0.1 0.1 3.543274 18.46663 18.46663 0.1 13.57071 67.25651 53.02935 25.4498 49.95125 67.25651 12.9588 67.25651 17.507 18.46663 53.02935 18.46663 18.46663 17.507 47.88182 18.46663 36.00279 76.74863 47.88182 18.46663 36.00279 17.507 44.75604 18.46663 65.06585 59.93782 13.57071 41.33904
30.49033 17.507 47.88182 47.88182 53.02935 3.543274 47.88182 47.88182 17.507 67.25651 36.00279 65.06585 17.507 77.8966 13.57071 0.1 30.49033 4.859941 44.75604 47.88182 18.46663 67.25651 3.543274 3.543274 18.46663 18.46663 18.46663 3.543274 18.46663 0.1 0.1 3.543274 0.1 3.543274 3.543274 3.543274 0.1 3.543274 4.859941 0.1 30.49033 47.88182 47.88182 3.543274 0.1 77.14522 13.57071 67.25651 42.52432 12.04135 17.507 44.75604 36.00279 18.46663 77.8966 30.49033 47.88182 36.00279 53.02935 67.25651 44.75604 17.507 13.57071 4.859941 17.507 3.543274 3.543274
67.25651 47.88182 66.56771 65.06585 30.49033 65.06585 36.00279 12.04135 59.93782 17.507 77.8966 17.507 67.25651 77.8966 67.25651 3.543274 3.543274 13.57071 18.46663 18.46663 0.1 0.1 0.1 3.543274 0.1 17.507 0.1 18.46663 18.46663 0.1 18.46663 18.46663 0.1 0.1 47.88182 3.543274 0.1 18.46663 4.859941 47.88182 41.33904 13.57071 31.16456 25.4498 0.1 0.1 0.1 67.25651 67.25651 17.507 67.25651 44.75604 13.57071 23.36011 17.507 13.57071 3.543274 0.1 47.88182 17.507 65.60933 13.57071 65.06585 17.507 53.02935 3.543274 59.93782
77.8966 30.49033 17.507 35.45727 3.543274 12.04135 12.04135 4.859941 35.92513 47.88182 47.88182 53.02935 77.8966 53.02935 13.57071 3.543274 77.8966 36.00279 0.1 17.507 3.543274 0.1 0.1 0.1 0.1 12.10787 0.1 18.46663 0.1 18.46663 3.543274 3.543274 3.543274 0.1 0.1 18.46663 0.1 0.1 0.1 25.4498 13.57071 35.45727 25.4498 35.45727 41.33904 47.88182 18.46663 65.06585 30.49033 41.33904 17.507 36.00279 59.93782 17.507 14.60172 42.52432 12.04135 4.859941 77.8966 66.56771 41.33904 30.49033 44.75604 59.93782 3.543274 67.25651 44.75604
53.02935 77.8966 3.543274 77.8966 3.543274 12.04135 12.04135 87.69107 65.06585 47.88182 18.46663 53.02935 65.06585 53.02935 59.93782 13.57071 18.46663 18.46663 30.49033 36.00279 77.8966 65.06585 59.93782 25.4498 3.543274 0.1 9.652304 0.1 47.88182 0.1 18.46663 0.1 18.46663 0.1 3.543274 18.74045 0.1 0.1 17.507 3.543274 3.543274 13.57071 25.4498 77.14522 80.55521 47.88182 0.1 18.46663 13.57071 41.33904 17.507 44.75604 67.25651 42.52432 17.507 17.507 66.56771 59.93782 17.507 12.04135 67.25651 59.93782 4.859941 13.57071 18.46663 47.88182 23.41304
13.57071 53.02935 12.04135 59.93782 77.8966 3.543274 53.02935 17.507 59.93782 3.543274 36.00279 31.16456 0.1 3.543274 36.00279 12.04135 36.00279 13.57071 17.507 59.93782 36.00279 18.46663 18.46663 30.49033 13.57071 0.1 0.1 0.1 18.46663 18.46663 18.46663 3.543274 18.46663 0.1 0.1 0.1 0.1 3.543274 3.543274 67.25651 25.4498 35.64657 77.14522 65.06585 0.1 0.1 0.1 18.46663 47.88182 59.93782 18.46663 47.88182 17.507 36.00279 13.57071 3.543274 13.57071 13.57071 13.57071 36.00279 0.1 36.00279 65.06585 53.02935 30.49033 18.46663 44.75604
35.45727 3.543274 53.02935 67.25651 30.49033 53.02935 47.88182 0.1 17.507 36.00279 17.507 17.507 18.46663 67.25651 18.46663 17.507 77.8966 3.543274 67.25651 65.06585 18.46663 54.91043 65.06585 18.46663 0.1 67.25651 0.1 0.1 18.46663 0.1 0.1 0.1 0.1 3.543274 0.1 0.1 0.1 3.543274 3.543274 49.95125 25.4498 0.1 49.95125 13.57071 0.1 18.46663 18.46663 18.46663 31.16456 4.859941 17.507 67.25651 65.06585 17.507 13.57071 36.00279 59.93782 12.04135 12.04135 44.75604 65.06585 18.46663 18.46663 36.00279 59.93782 67.25651 59.32235
67.25651 31.16456 47.88182 53.02935 42.52432 30.49033 30.49033 4.859941 17.507 36.00279 47.88182 77.14522 18.46663 47.88182 18.46663 36.00279 13.57071 77.8966 77.8966 0.1 47.88182 65.06585 53.02935 35.45727 18.46663 0.1 0.1 0.1 0.1 18.46663 17.507 0.1 0.1 0.1 4.859941 0.1 3.543274 3.543274 47.88182 30.49033 0.1 18.46663 0.1 49.95125 18.46663 0.1 0.1 0.1 67.32247 77.8966 17.507 30.49033 12.04135 65.06585 13.57071 17.507 13.57071 41.33904 17.507 17.507 67.25651 47.88182 36.00279 17.507 59.93782 13.57071 65.06585
13.57071 3.543274 47.88182 77.14522 13.57071 11.4133 42.52432 2.213717 44.75604 17.507 18.46663 3.543274 17.507 47.88182 17.507 53.02935 30.49033 67.25651 0.1 65.06585 17.507 47.88182 31.16456 0.1 3.543274 0.1 3.543274 18.46663 0.1 0.1 18.46663 18.46663 0.1 18.46663 4.859941 0.1 18.46663 0.1 25.4498 3.543274 65.06585 36.00279 0.1 0.1 77.14522 0.1 4.859941 0.1 66.56771 17.507 12.04135 17.507 13.57071 13.57071 13.57071 25.4498 0.1 44.75604 47.88182 13.57071 77.8966 17.507 17.507 13.57071 17.507 13.57071 53.02935
47.88182 12.04135 18.46663 77.14522 47.88182 77.8966 13.57071 67.25651 14.81698 12.04135 18.74045 3.543274 3.543274 17.507 0.1 47.88182 65.06585 47.88182 36.00279 30.49033 47.88182 47.88182 18.46663 18.46663 3.543274 18.46663 3.543274 0.1 4.859941 3.543274 0.1 0.1 0.1 0.1 67.25651 9.652304 18.46663 18.46663 67.25651 53.02935 13.57071 80.55521 17.507 0.1 67.25651 0.1 0.1 0.1 67.25651 46.3026 53.02935 77.8966 65.06585 65.06585 3.543274 53.02935 67.32247 47.88182 65.06585 17.507 3.543274 53.02935 36.00279 31.16456 47.88182 36.00279 65.06585
77.14522 18.46663 13.57071 3.543274 17.507 13.57071 3.543274 3.543274 77.14522 36.90972 13.57071 17.507 3.543274 30.49033 13.57071 53.02935 65.06585 47.88182 47.88182 47.88182 17.507 18.46663 17.507 80.55521 18.46663 3.543274 0.1 0.1 4.859941 3.543274 0.1 47.88182 0.1 3.543274 3.543274 59.93782 47.88182 53.02935 18.46663 41.33904 59.93782 67.25651 31.16456 55.6446 77.12319 0.1 2.213717 0.1 47.88182 30.49033 3.543274 53.02935 3.543274 47.88182 41.33904 13.57071 31.16456 53.02935 65.06585 80.55521 35.45727 77.8966 77.8966 18.46663 65.06585 18.46663 77.8966
77.14522 79.63038 3.543274 65.06585 18.46663 3.543274 13.57071 13.57071 13.57071 30.49033 17.507 18.74045 3.543274 0.1 12.10787 23.36011 65.06585 30.49033 47.88182 77.8966 67.25651 59.93782 44.75604 13.57071 0.1 0.1 44.75604 36.90972 12.10787 3.543274 18.46663 13.57071 3.543274 3.543274 13.57071 59.93782 12.04135 44.75604 66.56771 30.49033 65.06585 0.1 30.49033 80.55521 0.1 42.52432 30.84925 25.4498 36.00279 65.06585 30.49033 3.543274 65.06585 17.507 36.00279 36.00279 53.02935 53.02935 13.57071 18.46663 13.57071 53.02935 18.46663 17.507 77.8966 77.8966 17.507
