rf_thpl.asc
ncols         1040
nrows         514
xllcorner     497943.03125
yllcorner     5178296
cellsize      30
NODATA_value  -9999
[rows 252 to 287 of 514, columns 574 to 655 of 1040]
4.945417 7.76597 0 0 8.732101 21.37929 21.37929 4.945417 18.05552 0 0 0 0 0 0 0 0 0 0 0 0 0 0 0 0 0 0 0 0 0 0 0 0 0 0 0 0 7.76597 7.896247 30.17772 0 0 0 0 0 35.85311 21.37929 0.6308638 0 13.35552 9.120931 9.120931 0 0 8.732101 0 4.945417 31.52079 0 0 0 0 0 0 0 0 0 0 0 0 0 0 0 0 0 0 0 0 16.10899 0 13.8158 0
0 21.37929 7.76597 21.37929 8.732101 8.732101 8.732101 0 0 0 0 0 0 0 0 0 0 0 0 1.591176 0 0 0 0 0 0 13.35552 0 0 0 0 0 0 0 0 0 0 0 0 0 0 0 0 0 0 0 0 0 0 0 18.48671 8.732101 8.732101 0 8.732101 0 4.945417 0 0 32.01424 0 0 0 0 0 0 0 0 0 0 0 0 0 4.945417 0 0 0 0 0 0 13.8158 35.85311
7.76597 21.37929 7.76597 7.76597 0 0 0 0 0 0 0 13.35552 0 13.35552 0 0 0 0 0 0 0 0 9.120931 0 0 0 0 0 0 0 0 0 0 0 0 0 0 0 0 13.35552 13.35552 0 0 13.35552 9.120931 8.732101 4.945417 9.120931 35.85311 0 0 0 0 0 0 8.732101 8.732101 4.945417 4.945417 0 0 0 0 0 0 0 0 0 0 0 0 0 0 0 0 0 0 0 0 8.732101 0 0
45.3777 21.37929 0 7.76597 8.732101 0 0 0 0 0 0 0 9.120931 0 0 0 18.48671 18.48671 4.945417 1.591176 1.591176 0 0 4.945417 0 0 0 9.120931 0 0 0 0 0 0 0 45.3777 34.81321 0 0 0 0 0 0 0 0 0 8.732101 0 8.732101 8.732101 0 0 32.01424 0 0 0 0 35.85311 0 1.591176 0 0 4.945417 9.120931 9.120931 0.6308638 4.945417 1.591176 0 0 0.6308638 0 0 29.24462 0 0 0 0 13.8158 0 13.8158 13.8158
45.3777 7.76597 0 4.945417 21.37929 8.732101 0 0 4.945417 13.35552 0 0 0 0 0 0 0 29.24462 0 8.732101 0 0 9.120931 0 9.120931 0 0 0 0 0 0 0 0 0 0 0 30.17772 4.945417 13.35552 0 0 0 8.732101 0 0 13.35552 0 4.945417 0 0 0 13.8158 0 31.52079 0 13.8158 0 13.35552 13.35552 0 0 0 0 9.120931 0 13.35552 13.35552 1.591176 0 0 31.52079 29.24462 13.8158 0 0 4.945417 0 0 0 13.8158 13.8158 13.8158
8.732101 0 45.3777 4.945417 0 8.732101 61.4173 8.732101 8.732101 0 0 18.48671 13.35552 0 0 16.10899 16.10899 18.48671 0 8.732101 35.85311 30.17772 18.48671 0.6308638 0 31.52079 0 31.52079 0 8.732101 35.85311 35.85311 35.85311 45.3777 0 81.95272 30.17772 0 35.85311 0 9.120931 0 0 0 0 13.8158 0 8.732101 0 0 16.10899 13.8158 18.48671 0 0 0 0 0 35.85311 0.6308638 16.10899 35.85311 0 0 13.8158 0 8.732101 3.249118 0 8.732101 0 31.52079 24.12488 0.6308638 13.8158 0 0 0 13.8158 4.945417 13.8158 0
8.732101 0 7.76597 16.10899 0 0 8.732101 61.4173 0 7.76597 0 0 0 8.732101 8.753439 0 13.35552 8.732101 22.53026 16.10899 35.85311 0 31.52079 0 4.945417 29.24462 31.52079 0 0 81.95272 3.249118 12.86394 13.35552 0 30.17772 0 0 0 9.120931 0 13.35552 0 3.249118 13.8158 0 0 13.8158 16.10899 13.8158 0 16.10899 24.12488 0 18.48671 0 0 0 0 0 0 16.10899 0 0 13.35552 0 13.35552 0 35.85311 13.8158 30.17772 1.591176 8.732101 31.52079 22.53026 13.35552 4.945417 31.52079 0 13.8158 0 31.52079 8.732101
8.732101 8.732101 0 7.76597 0 0 0 4.945417 4.945417 45.3777 16.10899 0 0 0 18.48671 0 9.120931 0 22.53026 0 8.732101 0 3.249118 30.17772 35.85311 0 29.24462 9.631404 13.8158 30.17772 8.732101 8.732101 13.8158 45.3777 0.6308638 12.86394 0 0.6308638 16.10899 0 13.8158 8.732101 0 0 7.76597 8.732101 13.8158 12.86394 35.85311 7.76597 16.10899 0 0 0 16.10899 0 0 0 8.732101 0 35.85311 13.35552 0 13.35552 13.35552 35.85311 0 35.85311 0 16.10899 8.732101 0 0 4.945417 0 18.48671 16.10899 0 13.8158 0 0 8.732101
35.85311 0 7.76597 4.945417 4.945417 30.17772 8.732101 45.3777 13.35552 8.732101 8.732101 12.86394 12.86394 0 8.732101 4.945417 0 16.10899 16.10899 0 0 30.17772 13.8158 45.3777 0 0.6308638 0 16.10899 31.52079 13.8158 8.732101 8.732101 13.35552 30.17772 0 8.732101 0 0 0 0 0 16.10899 3.249118 0 8.732101 0 30.17772 24.12488 0 0 0 18.48671 0 35.85311 9.120931 0 35.85311 0 13.35552 0 35.85311 18.48671 13.35552 9.120931 13.35552 13.8158 13.8158 0 8.732101 0 31.52079 0 8.732101 9.631404 0 16.10899 13.8158 31.52079 4.945417 31.52079 45.29054 0
13.35552 8.732101 0 4.945417 8.732101 0 1.591176 61.4173 8.732101 0 0 13.8158 7.76597 12.86394 0 18.48671 0 18.48671 0 0 13.8158 31.52079 7.896247 1.591176 1.591176 29.24462 0 0 16.10899 0 35.51734 0 35.85311 0 45.3777 13.8158 0 0 0 0 0 13.8158 30.17772 0 30.17772 45.3777 8.732101 8.732101 0 18.48671 0 0 35.85311 16.10899 0 0 0 9.120931 13.8158 13.35552 0 13.35552 13.35552 0 13.35552 0 0 0 8.732101 35.85311 8.732101 35.85311 0 16.10899 18.48671 35.85311 0 13.8158 0 0 0 0
13.35552 30.17772 13.35552 9.120931 9.120931 4.945417 0 0 0 1.591176 45.3777 30.17772 0 0.6308638 4.945417 0.6308638 0 0 16.10899 0 24.12488 0 16.10899 13.8158 35.85311 0 8.732101 0 0 31.52079 13.8158 8.732101 30.17772 45.3777 3.249118 12.86394 0 0 0 0 45.3777 13.8158 30.17772 30.17772 0 0 3.249118 8.732101 0 16.10899 0 0 31.52079 0 0 0 0 0 0 13.35552 9.120931 35.85311 35.85311 45.29054 13.8158 35.85311 35.85311 30.17772 30.17772 13.35552 13.8158 13.8158 13.8158 0 13.8158 0 16.10899 8.732101 0 0 0 0
0 0 0 0 0 0 0 0 0 0 8.732101 8.732101 45.3777 0 30.17772 8.732101 0.6308638 35.85311 8.732101 0 0 31.52079 0 0 8.732101 8.732101 30.17772 30.17772 4.945417 30.17772 31.52079 7.896247 0 3.249118 13.8158 0 30.17772 13.35552 0 0 8.732101 0 8.732101 45.3777 30.17772 8.732101 8.732101 8.732101 0 31.52079 0 0 0 22.53026 0 0 18.48671 0 0 35.85311 8.732101 13.8158 16.10899 16.10899 0 0 30.17772 16.10899 30.17772 35.85311 13.8158 13.8158 13.8158 0 8.732101 8.732101 16.10899 0 0 0 0 13.8158
0 0 0 0 0 0 0 0 0 0 0 0 13.35552 8.732101 8.732101 12.86394 8.732101 31.52079 0 8.732101 0.6308638 35.85311 0 0 13.8158 1.591176 45.29054 30.17772 8.732101 31.52079 8.732101 0 0 16.10899 18.61918 0 30.17772 0 0 13.35552 8.732101 0 13.8158 13.8158 0 35.85311 35.85311 0 0 8.732101 31.52079 0.6308638 0 0 9.120931 9.120931 16.10899 22.53026 8.732101 13.35552 13.35552 35.85311 13.8158 13.8158 16.10899 0 30.17772 35.85311 3.249118 16.10899 35.85311 13.35552 16.10899 8.732101 0 31.52079 0 0 0 0 9.120931 0
0 0 0 0 13.35552 0 0 0 0 13.35552 0 0 0 13.35552 30.17772 16.10899 0 0 0 29.24462 35.85311 18.48671 16.10899 45.29054 0 35.85311 30.17772 30.17772 0 31.52079 7.896247 30.17772 0 0 45.3777 9.631404 0 9.120931 0 8.732101 30.17772 0 0 30.17772 8.732101 35.85311 30.17772 3.249118 35.85311 45.29054 0 35.51734 0 16.10899 0 0 0 0 0 0 45.29054 0 0.6308638 0 0 45.3777 61.4173 30.17772 8.732101 0 13.8158 16.10899 30.17772 0 4.945417 16.10899 8.732101 13.8158 0 0 31.52079 45.3777
0 0 0 13.35552 13.35552 0 13.35552 0 0 13.35552 0 4.945417 45.3777 0 8.732101 18.48671 0 30.17772 0 30.17772 0 0.6308638 16.10899 16.10899 16.10899 0 30.17772 30.17772 13.8158 0 0 45.3777 30.17772 0.6308638 7.896247 35.85311 0 0 8.732101 8.732101 13.35552 35.85311 35.85311 13.8158 45.29054 3.249118 0 16.10899 30.17772 30.17772 8.732101 35.85311 0 35.85311 13.35552 0 0 13.35552 3.249118 13.35552 45.29054 30.17772 0 13.35552 13.35552 30.17772 1.591176 0 13.8158 30.17772 8.732101 30.17772 13.35552 1.591176 13.35552 13.8158 0 13.8158 0 13.8158 0 13.8158
0 13.35552 0 0 0 0 0 13.35552 13.35552 13.35552 30.17772 45.3777 30.17772 61.4173 0 30.17772 35.85311 0 0 45.3777 30.17772 0 45.3777 0 0 0 0 0 0 0 30.17772 45.3777 30.17772 30.17772 30.17772 0.6308638 0 35.85311 30.17772 13.8158 13.8158 35.85311 45.29054 13.8158 35.85311 30.17772 8.732101 30.17772 0 30.17772 0 3.249118 30.17772 3.249118 29.24462 0 16.10899 0 22.53026 0 0 45.29054 35.85311 0 13.35552 30.17772 61.4173 8.732101 13.8158 0 45.3777 0 13.35552 0 13.8158 30.17772 35.85311 13.8158 13.35552 13.8158 13.8158 13.8158
0 0 0 9.120931 0 0 9.120931 0 45.3777 13.8158 8.732101 35.85311 0.6308638 30.17772 61.4173 0 16.10899 45.29054 30.17772 13.35552 13.35552 0 0 0 30.17772 0 35.85311 0 0 0 30.17772 30.17772 13.8158 13.8158 0 13.35552 0 16.10899 31.52079 0 8.732101 30.17772 35.85311 16.10899 0 0 35.85311 30.17772 13.35552 0 13.8158 30.17772 13.8158 13.35552 53.64764 0 13.35552 45.3777 13.35552 0 13.8158 45.29054 22.53026 30.17772 0 8.732101 8.732101 0 35.85311 13.8158 30.17772 0 45.29054 13.35552 8.732101 45.29054 13.8158 13.8158 13.8158 0 13.8158 13.8158
0 0 13.35552 0 0 16.10899 0 22.53026 0 22.53026 13.8158 0 8.732101 30.17772 8.732101 0 35.85311 0 13.35552 13.8158 13.35552 45.3777 3.249118 30.17772 0 4.945417 0 0 0 0 0 0 13.35552 13.8158 0 8.732101 32.01424 31.52079 32.01424 0 8.732101 13.8158 45.29054 8.732101 3.249118 0 30.17772 0 35.85311 0 3.249118 3.249118 0 13.35552 13.35552 4.945417 45.29054 0 0 22.53026 0 0 0 0 35.85311 16.10899 35.85311 30.17772 45.29054 30.17772 1.591176 0 13.35552 45.29054 8.732101 31.52079 0 0 13.8158 13.8158 13.8158 13.8158
0 0 13.35552 0 13.35552 0 0 22.53026 8.732101 35.85311 13.8158 13.35552 13.8158 30.17772 30.17772 0 16.10899 16.10899 0 0 0 13.35552 0 0 22.53026 0 0 0 0 30.17772 0 0 0 15.50835 0 0 35.85311 0 0 0 13.8158 30.17772 22.53026 8.732101 45.29054 3.249118 35.85311 30.17772 0 35.85311 13.8158 0 0 35.85311 13.35552 61.4173 30.17772 13.8158 0 0 0 0 0 0 35.85311 16.10899 30.17772 13.8158 8.732101 45.3777 30.17772 35.85311 13.8158 0 8.732101 0 29.24462 0 0.8414855 0 22.53026 0
4.945417 35.85311 13.35552 13.35552 13.35552 30.17772 0 35.85311 22.53026 3.249118 30.17772 35.85311 30.17772 3.249118 81.95272 8.732101 16.10899 22.53026 45.29054 45.29054 30.17772 30.17772 0 30.17772 0 0 0 22.53026 30.17772 0 0 30.17772 13.8158 45.29054 0 45.29054 16.10899 8.732101 0 31.52079 0 31.52079 30.17772 13.8158 13.8158 3.249118 13.8158 0 16.10899 13.8158 13.8158 35.85311 9.120931 13.35552 13.8158 45.3777 8.732101 0.6308638 0 31.52079 45.29054 0 0 13.8158 13.35552 13.35552 0 35.85311 13.8158 35.85311 30.17772 45.29054 8.732101 13.8158 30.17772 8.732101 61.4173 16.10899 0 35.85311 30.17772 0
30.17772 13.8158 45.3777 3.249118 45.3777 3.249118 30.17772 30.17772 30.17772 13.8158 30.17772 0 0 3.249118 0 30.17772 35.51734 13.8158 0 35.85311 29.24462 30.17772 16.10899 0 0 0 0 22.53026 30.17772 13.35552 45.3777 45.29054 8.732101 8.732101 0 12.86394 0 0 35.85311 31.52079 22.53026 16.10899 13.8158 35.85311 1.591176 35.85311 8.732101 30.17772 35.85311 45.29054 8.732101 35.85311 0 8.732101 13.35552 0 13.8158 61.4173 3.249118 30.17772 45.29054 22.53026 35.85311 13.8158 0 45.29054 22.53026 13.35552 13.35552 13.35552 13.8158 35.85311 13.8158 30.17772 13.8158 35.85311 16.10899 45.29054 13.35552 0 0 0
13.8158 8.732101 3.249118 3.249118 0 45.3777 0 30.17772 30.17772 0 30.17772 30.17772 3.249118 8.732101 0 30.17772 30.17772 0 0 0 0 0 30.17772 0 0 22.53026 30.17772 30.17772 30.17772 13.35552 13.8158 8.732101 13.35552 13.8158 3.249118 13.8158 0 0 0.6308638 31.52079 22.53026 0 0 0 13.35552 13.35552 0 3.249118 0 0 35.85311 0 13.8158 13.8158 45.29054 3.249118 13.8158 0 8.732101 13.8158 30.17772 0 0 3.249118 61.4173 30.17772 0 8.732101 35.85311 13.35552 0 35.85311 0 61.4173 13.8158 45.29054 35.85311 3.249118 0 3.249118 16.10899 0
45.29054 3.249118 3.249118 0 30.17772 0 30.17772 8.732101 13.35552 30.17772 30.17772 30.17772 30.17772 13.8158 35.85311 8.732101 8.732101 0 0 45.29054 0 13.8158 30.17772 0 13.8158 13.8158 0 22.53026 13.8158 0 9.120931 35.85311 13.8158 35.85311 8.732101 30.17772 13.8158 31.52079 16.10899 8.732101 0 0 0 0 13.35552 0 13.35552 16.10899 30.17772 0 30.17772 35.85311 35.85311 13.8158 13.8158 0 3.249118 3.249118 35.85311 30.17772 0 0 30.17772 30.17772 45.3777 30.17772 45.29054 0 1.591176 13.35552 61.4173 13.8158 0 53.64764 30.17772 8.732101 30.17772 30.17772 0 0 30.17772 13.35552
13.8158 3.249118 3.249118 29.24462 0 0 45.29054 13.8158 13.8158 0 13.8158 13.8158 0.8414855 0 35.85311 13.35552 30.17772 0 0 22.53026 0 31.52079 31.52079 0 31.52079 0 0 30.17772 30.17772 16.10899 0 30.17772 0 22.53026 8.732101 0 0 7.896247 8.732101 35.85311 13.8158 4.945417 45.29054 45.29054 0 0 35.85311 35.85311 13.35552 13.8158 3.249118 35.85311 35.85311 0 8.732101 13.8158 3.249118 0 0 3.249118 30.17772 30.17772 35.85311 3.249118 13.8158 13.8158 16.10899 9.120931 9.120931 35.85311 0 0 13.8158 30.17772 0 45.3777 0 13.8158 13.35552 13.35552 0 13.35552
30.17772 16.10899 30.17772 0.6308638 30.17772 0 45.29054 30.5464 31.52079 30.17772 0 45.29054 0 0 30.17772 13.35552 13.35552 13.8158 0 31.52079 0 0 0 29.24462 0 0 0 13.35552 30.17772 13.8158 30.17772 8.732101 45.29054 35.85311 13.8158 8.732101 53.64764 0 45.29054 35.85311 13.8158 30.17772 13.8158 45.29054 16.10899 35.85311 45.29054 35.85311 30.17772 16.10899 13.8158 35.85311 13.35552 0 30.17772 16.10899 0 13.8158 0 3.249118 3.249118 30.17772 0 0.6308638 13.35552 13.8158 0 35.85311 0 13.35552 13.35552 45.3777 45.29054 13.35552 13.8158 13.8158 0 0 30.17772 3.249118 13.35552 0
30.17772 30.17772 30.17772 30.17772 13.35552 35.85311 21.37929 0 0 0 0 0 8.732101 13.35552 30.17772 0 35.85311 53.64764 0 13.8158 0 0 0 4.945417 32.01424 0 13.35552 0 8.732101 30.17772 3.249118 3.249118 3.249118 45.3777 45.29054 30.17772 45.3777 13.8158 29.24462 0 35.85311 13.8158 0 31.52079 0 0 0 0 35.85311 0 0 8.732101 16.10899 45.3777 0.8414855 35.85311 0 30.17772 0 61.4173 61.4173 0 0 13.8158 0 12.95592 13.35552 0 0 13.35552 35.85311 3.249118 61.4173 3.249118 61.4173 13.35552 0 0 13.35552 0 0 0
30.17772 0 0 12.65751 45.3777 8.732101 31.52079 9.631404 0 13.8158 13.8158 0 0 30.17772 30.17772 13.8158 13.8158 3.249118 8.732101 31.52079 18.48671 13.8158 45.29054 45.29054 4.945417 0 0 0 13.8158 30.17772 30.17772 30.17772 0 13.8158 8.732101 45.29054 35.85311 8.732101 30.17772 30.17772 0 35.85311 13.35552 0 22.53026 30.17772 0 0 0 45.29054 45.29054 30.17772 9.631404 0 30.17772 3.249118 3.249118 30.17772 0.6308638 30.17772 61.4173 35.85311 0 3.249118 0 30.17772 8.732101 0 0 13.8158 8.732101 16.10899 13.8158 3.249118 30.17772 3.249118 45.29054 0 30.5464 13.8158 31.52079 0
45.3777 30.17772 3.249118 61.4173 45.29054 22.53026 12.65751 30.17772 30.17772 0 0 13.35552 53.64764 3.249118 0 30.17772 22.53026 30.17772 3.249118 13.8158 30.17772 22.53026 0 13.8158 0 45.29054 13.8158 13.8158 8.732101 13.35552 13.8158 1.591176 30.17772 30.17772 0 13.8158 13.8158 35.85311 35.85311 13.8158 0 0 0 0 3.249118 35.85311 31.52079 0 0 0 13.8158 45.29054 13.8158 53.64764 31.52079 30.17772 0 0 0 45.29054 0 3.249118 35.85311 0 30.17772 13.8158 13.8158 0 13.35552 13.8158 13.35552 30.17772 30.17772 0 0 0 30.17772 50.99897 0 0 0 13.35552
0 8.732101 0 3.249118 0 0 13.8158 30.17772 0 1.591176 30.17772 0 30.17772 30.17772 1.591176 0 45.3777 35.85311 30.17772 3.249118 0 0 16.10899 0 0 0 0 13.8158 0 3.249118 81.95272 30.17772 0 35.85311 8.732101 13.35552 30.17772 0 45.29054 0 0 16.10899 0 16.10899 0 0 0 0 0 0 18.48671 32.01424 13.8158 1.591176 29.24462 32.01424 30.17772 35.85311 0 31.52079 16.10899 0 30.17772 3.249118 45.29054 30.17772 0 13.35552 13.35552 13.35552 35.85311 3.249118 1.591176 0 0 0 0 35.85311 0 13.8158 13.8158 13.8158
0 53.64764 13.8158 0 30.17772 13.8158 1.591176 0 0 81.95272 0 30.17772 30.17772 61.4173 3.249118 3.249118 3.249118 45.3777 3.249118 30.17772 0 29.24462 0 0 0 0 0 0 1.591176 8.732101 3.249118 81.95272 35.85311 45.29054 13.8158 13.35552 13.35552 13.35552 30.17772 0 3.249118 30.17772 0 0 45.3777 0 0 0 0 0 0 4.054748 45.29054 8.732101 0 13.8158 45.29054 45.29054 30.17772 13.8158 1.591176 53.64764 30.17772 0 0 13.8158 13.8158 13.8158 30.17772 0 13.35552 3.249118 45.29054 0 0 0 0 13.35552 0 13.8158 30.17772 0
35.85311 13.8158 30.17772 30.17772 61.4173 3.249118 8.732101 30.17772 0 30.17772 0 12.62247 30.17772 53.64764 0 35.85311 0 35.85311 30.17772 30.17772 45.29054 13.8158 30.17772 0 0 0 0 0 8.732101 35.85311 13.8158 35.85311 30.17772 0 35.85311 13.35552 30.17772 35.85311 35.85311 30.17772 8.732101 45.3777 30.17772 0 0 0 0 0 0 0 0 31.52079 45.29054 0 30.17772 45.29054 13.8158 16.10899 45.29054 13.8158 13.8158 1.591176 45.3777 30.17772 13.35552 13.8158 13.8158 13.8158 0 30.5464 9.120931 0 3.249118 8.732101 0 0 0 0 0 9.120931 0 0
30.17772 13.35552 13.8158 0 8.732101 13.35552 1.591176 8.732101 45.29054 1.591176 0 45.3777 30.17772 30.17772 0 0 0 13.8158 61.4173 0 45.3777 45.3777 0 0 13.8158 30.17772 3.249118 30.17772 0 8.732101 13.8158 8.732101 13.8158 13.35552 0 13.35552 31.52079 0 16.10899 13.8158 0 13.8158 0 8.732101 30.17772 0 0 0 0 0 0 0 45.29054 9.120931 18.48671 45.29054 0 16.10899 31.52079 30.17772 0 45.29054 30.17772 45.29054 35.85311 30.17772 0 35.85311 45.29054 0.6550797 45.3777 13.35552 13.8158 1.591176 0 0 22.53026 16.10899 13.8158 0 0 30.17772
0 0 35.85311 13.8158 8.732101 13.8158 13.35552 13.8158 35.85311 8.732101 13.8158 30.17772 13.8158 0 0 22.53026 0 13.35552 3.249118 0 13.35552 13.8158 13.35552 13.8158 0 0 0 0 16.10899 13.35552 30.17772 0 8.732101 9.120931 30.17772 13.8158 0 30.17772 0 0 13.35552 13.8158 0 13.8158 31.52079 0 0 0 0 0 0 45.3777 45.29054 32.01424 0 32.01424 0 0 0 0 0 0 0 0 30.5464 30.5464 13.8158 45.29054 0 13.35552 13.35552 0 0 0 0 0 0 0 45.29054 45.29054 0 35.85311
0 0 0 0 13.8158 0 0 13.8158 0 13.8158 13.8158 35.85311 8.732101 0 0 30.17772 0 0 13.35552 13.35552 53.64764 35.85311 0 0 30.17772 45.3777 45.3777 0 13.35552 13.35552 13.8158 0 0 30.17772 35.85311 8.732101 0 30.17772 0 0 13.35552 0 0 0 0 0 4.054748 0 0 9.120931 0 0 0 0 13.35552 0 0 0 0 0 0 0 0 0 0 0 0 22.53026 0 0 9.120931 9.120931 0 0 0 0.6308638 45.3777 22.53026 13.35552 13.35552 0 0
31.52079 32.01424 30.5464 8.732101 13.8158 45.29054 0 8.732101 30.17772 45.29054 8.732101 30.17772 0 30.17772 30.17772 0 0 16.10899 13.35552 13.35552 30.17772 61.4173 13.8158 13.35552 45.3777 0 13.8158 8.732101 0 45.29054 30.17772 35.85311 13.35552 0 0 0 0 45.29054 30.17772 13.35552 13.35552 0 0 13.35552 0 0 7.896247 0 0 0 0 0 0 0 0 0 0 0 0 0 0 0 0 0 0 0 22.53026 0 0 45.3777 0 0 0 0 0 0 0 0 35.85311 0 22.53026 45.29054
13.8158 45.29054 30.5464 8.732101 13.8158 35.85311 0 16.10899 13.8158 8.732101 35.85311 3.249118 13.8158 13.35552 30.17772 45.29054 35.85311 0 13.8158 16.10899 13.8158 35.85311 13.35552 45.3777 45.3777 30.17772 30.17772 0 3.249118 0 30.17772 35.85311 16.10899 13.35552 35.85311 0 0 30.17772 0 0 13.35552 30.17772 22.53026 0 1.591176 13.35552 0 13.8158 0 17.27986 28.25453 45.29054 0 0 0 0 0 0 0 0 0 0 0 0 0 0 0 0 22.53026 0 0 0 0 0 45.3777 0 0 16.10899 35.85311 13.35552 0 0
