rf_totBA.asc
ncols         1040
nrows         514
xllcorner     497943.03125
yllcorner     5178296
cellsize      30
NODATA_value  -9999
[rows 300 to 329 of 514, columns 737 to 803 of 1040]
18.46663 0.1 0.1 0.1 0.1 0.1 0.1 0.1 0.1 0.1 0.1 0.1 0.1 0.1 0.1 0.1 0.1 0.1 0.1 0.1 0.1 0.1 0.1 0.1 0.1 0.1 0.1 0.1 4.859941 2.213717 0.3383963 30.49033 54.91043 36.00279 10.39768 59.93782 13.96298 38.64851 14.306 4.859941 18.74045 0.1 38.64851 4.859941 49.95125 0.4356352 10.39768 36.00279 4.859941 13.95384 49.95125 2.213717 21.49042 49.95125 14.306 10.39768 28.03446 4.859941 4.859941 49.95125 2.213717 2.213717 4.859941 64.54409 4.859941 4.859941 17.507
68.1764 0.1 0.1 18.46663 0.1 0.1 0.1 0.1 0.1 0.1 0.1 0.1 0.1 0.1 0.1 0.1 35.45727 0.1 0.1 0.1 4.859941 4.859941 4.859941 0.1 0.1 0.1 4.859941 4.859941 4.859941 4.859941 4.859941 0.3383963 36.00279 36.00279 10.39768 21.00009 36.00279 0.3383963 59.93782 27.45828 36.00279 0.4356352 4.859941 13.57071 0.1 4.859941 0.3383963 18.74045 0.4356352 14.306 18.74045 4.859941 28.14178 12.1068 18.74045 0.4356352 49.95125 0.3383963 2.213717 4.859941 0.1 84.59006 18.74045 36.00279 35.45727 4.859941 36.00279
59.93782 49.95125 25.4498 0.1 0.1 0.1 0.1 0.1 0.1 0.1 0.1 0.1 0.1 0.1 0.1 0.1 0.1 35.45727 35.64657 35.45727 0.1 0.1 4.859941 4.859941 0.1 4.859941 18.46663 0.1 4.859941 36.00279 0.1 4.859941 0.1 36.00279 49.95125 64.54409 2.213717 17.507 77.90473 10.39768 64.54409 36.00279 4.859941 12.04135 21.49042 36.00279 21.49042 2.213717 2.213717 21.49042 49.95125 2.213717 21.49042 36.00279 13.95384 21.49042 10.39768 14.306 4.859941 0.1 0.1 18.74045 2.213717 4.859941 0.1 36.00279 36.00279
67.55311 80.55521 0.1 0.1 0.1 0.1 0.1 0.1 0.1 0.1 0.1 0.1 0.1 0.1 0.1 0.1 0.1 0.1 35.64657 0.1 0.1 0.1 4.859941 0.1 0.1 4.859941 4.859941 4.859941 4.859941 0.1 4.859941 4.859941 2.213717 0.1 64.54409 36.00279 14.306 10.39768 12.04135 36.00279 0.3383963 4.859941 49.95125 27.45828 0.4356352 64.54409 10.39768 4.859941 4.859941 10.39768 2.213717 27.45828 36.00279 21.49042 38.64851 36.00279 10.39768 0.1 0.1 0.1 0.1 0.5451384 10.39768 36.00279 36.00279 4.859941 4.859941
80.55521 53.02935 65.06585 65.06585 0.1 0.1 0.1 0.1 0.1 4.859941 0.1 0.1 0.1 0.1 0.1 0.1 0.1 0.1 0.1 0.1 4.859941 0.1 0.1 0.1 4.859941 18.46663 0.1 0.1 0.1 0.1 0.1 0.1 18.74045 2.213717 0.4356352 0.1 0.1 49.95125 10.39768 64.54409 0.1 18.74045 18.74045 36.00279 0.4356352 4.859941 14.306 4.859941 2.213717 28.14178 4.859941 4.859941 13.96298 0.5451384 0.4356352 0.3383963 0.4356352 2.213717 0.1 0.1 4.859941 84.59006 10.39768 10.39768 2.213717 2.213717 4.859941
31.16456 80.55521 53.02935 65.06585 153.6541 0.1 35.45727 0.1 0.1 0.1 0.1 2.213717 0.1 0.1 0.1 18.46663 0.1 35.45727 0.1 0.1 0.1 0.1 0.1 0.1 4.859941 4.859941 0.1 4.859941 0.1 18.46663 0.1 4.859941 4.859941 4.859941 17.507 9.027822 0.1 0.1 12.04135 49.95125 27.45828 35.64657 42.52432 49.36199 0.3383963 13.95384 64.54409 4.859941 18.74045 0.3383963 36.00279 18.74045 0.3383963 14.306 10.39768 18.74045 0.1 13.57071 4.859941 21.00009 4.859941 18.74045 49.95125 49.95125 4.859941 27.45828 2.213717
49.95125 55.6446 153.6541 35.64657 36.00279 49.95125 65.06585 0.1 0.1 0.1 0.4356352 79.63038 2.213717 0.1 0.1 35.45727 0.1 35.45727 0.1 0.1 0.1 0.1 4.859941 4.859941 0.1 4.859941 4.859941 4.859941 4.859941 4.859941 0.1 0.1 4.859941 4.859941 0.1 4.859941 4.859941 2.213717 0.1 54.91043 4.859941 28.14178 4.859941 49.95125 77.90473 10.39768 64.54409 28.14178 27.45828 35.64657 12.04135 2.213717 12.04135 76.18685 18.74045 36.00279 49.95125 13.95384 2.213717 18.74045 49.36199 13.96298 0.4356352 4.859941 18.74045 12.04135 64.54409
0.1 67.32247 30.49033 12.04135 12.04135 64.54409 42.52432 65.06585 53.02935 49.95125 79.63038 68.1764 64.54409 49.95125 0.1 0.1 4.859941 0.1 0.1 38.64851 12.04135 14.81698 12.1068 4.859941 0.1 4.859941 2.213717 18.74045 0.1 4.859941 18.46663 4.859941 4.859941 4.859941 4.859941 4.859941 18.74045 4.859941 0.3383963 0.1 0.5451384 36.00279 36.00279 0.4356352 54.91043 36.00279 28.14178 18.74045 0.5451384 4.859941 0.1 0.1 12.04135 21.00009 9.027822 76.18685 21.00009 0.1 36.00279 18.74045 4.149109 49.95125 0.1 4.859941 18.74045 18.74045 0.1
36.00279 84.59006 36.00279 17.507 49.95125 53.02935 42.52432 53.02935 68.1764 12.04135 79.63038 64.54409 79.63038 54.91043 14.306 79.63038 68.1764 64.54409 35.45727 79.63038 0.4356352 2.520577 4.859941 59.93782 4.859941 28.03446 4.859941 4.859941 4.859941 4.859941 4.859941 4.859941 4.859941 4.859941 0.1 4.859941 4.859941 18.46663 4.859941 18.74045 36.00279 0.1 2.213717 0.1 0.5451384 17.507 49.95125 67.55311 18.74045 76.18685 59.93782 18.74045 49.95125 2.213717 13.96298 4.859941 28.14178 2.213717 2.213717 2.213717 2.213717 2.213717 28.14178 0.1 0.1 21.00009 4.859941
47.88182 255.4437 4.859941 53.02935 12.04135 68.1764 53.02935 53.02935 79.63038 49.36199 2.213717 79.63038 68.1764 49.95125 59.93782 64.54409 49.95125 64.54409 68.1764 68.1764 35.45727 0.4356352 0.4356352 0.1 4.859941 0.4356352 18.74045 4.859941 4.859941 4.859941 36.00279 4.859941 36.00279 4.859941 4.859941 4.859941 4.859941 0.1 0.1 4.859941 4.859941 4.859941 18.46663 4.859941 2.213717 0.1 0.3383963 64.54409 12.04135 2.213717 0.1 18.74045 49.95125 49.95125 4.859941 4.859941 21.00009 12.04135 2.213717 10.39768 21.00009 49.95125 0.1 49.95125 18.74045 59.93782 13.95384
30.49033 79.63038 79.63038 30.49033 64.54409 59.93782 53.02935 68.1764 68.1764 59.93782 49.95125 49.95125 79.63038 64.54409 68.1764 49.95125 49.95125 64.54409 64.54409 64.54409 18.74045 36.00279 0.4356352 4.859941 18.74045 4.859941 17.507 2.213717 18.74045 12.04135 18.74045 4.859941 4.859941 4.859941 4.859941 4.859941 4.859941 4.859941 4.859941 0.1 0.1 4.859941 4.859941 0.1 18.46663 4.859941 2.213717 0.4356352 64.54409 0.1 0.1 27.45828 4.859941 2.213717 12.1068 0.3383963 4.859941 67.55311 10.39768 49.95125 2.213717 2.213717 18.74045 28.14178 67.55311 28.14178 2.213717
17.507 53.02935 79.63038 13.57071 12.04135 64.54409 75.30234 64.54409 21.49042 76.18685 76.18685 17.507 66.56771 14.306 12.04135 36.00279 25.4498 35.45727 4.859941 49.95125 0.4356352 0.3383963 18.74045 4.859941 4.859941 4.859941 0.4356352 0.5451384 4.859941 12.04135 0.1 0.1 2.213717 2.213717 2.213717 2.213717 4.859941 4.859941 18.74045 4.859941 4.859941 4.859941 12.1068 0.1 0.1 0.1 18.74045 0.1 4.859941 36.00279 2.213717 0.5451384 35.45727 64.54409 2.213717 2.213717 0.1 21.00009 28.14178 0.1 49.95125 49.95125 4.859941 10.39768 14.306 27.45828 28.14178
53.02935 25.4498 35.45727 68.1764 53.02935 54.91043 67.25651 64.54409 53.02935 66.56771 59.93782 36.00279 65.60933 59.93782 49.95125 27.45828 25.4498 64.54409 49.95125 21.49042 18.74045 0.4356352 0.4356352 4.859941 17.507 4.859941 0.5451384 13.96298 17.507 4.859941 4.859941 0.1 4.859941 0.1 12.1068 18.74045 12.1068 0.1 18.74045 49.36199 17.507 2.213717 12.04135 4.859941 18.46663 18.46663 0.1 28.14178 0.4356352 49.95125 13.96298 0.4356352 36.00279 2.213717 0.1 4.859941 36.00279 2.213717 21.00009 2.213717 64.54409 36.00279 76.18685 2.213717 36.00279 12.04135 13.96298
64.54409 54.91043 68.1764 68.1764 35.45727 64.54409 49.95125 76.18685 53.02935 42.52432 13.95384 0.1 59.93782 64.54409 17.507 36.00279 25.4498 64.54409 4.859941 21.00009 0.4356352 0.3383963 0.5451384 0.1 4.859941 12.04135 4.859941 0.5451384 2.213717 12.1068 13.95384 0.4356352 49.36199 2.213717 18.74045 2.213717 18.74045 4.859941 0.1 4.859941 4.859941 13.95384 4.859941 2.213717 0.1 18.74045 0.1 0.1 2.213717 10.39768 14.306 84.59006 67.55311 10.39768 30.49033 35.45727 2.213717 21.00009 4.859941 0.1 4.859941 2.213717 59.93782 67.55311 10.39768 36.00279 21.00009
79.63038 42.52432 49.95125 59.93782 49.95125 12.04135 49.95125 68.1764 36.00279 35.45727 0.1 36.00279 0.1 17.507 36.00279 36.00279 64.54409 49.95125 36.00279 36.00279 2.831316 0.3383963 4.859941 0.4356352 4.859941 18.74045 0.4356352 18.74045 49.36199 2.213717 4.859941 4.859941 4.859941 4.859941 0.4356352 36.00279 4.859941 12.04135 18.74045 4.859941 17.507 36.00279 4.859941 0.4356352 4.859941 2.213717 0.1 0.1 10.39768 10.39768 0.5451384 36.00279 0.3383963 12.04135 49.95125 27.45828 36.00279 28.14178 2.213717 2.213717 18.74045 18.74045 10.39768 4.859941 2.213717 0.4356352 2.213717
68.1764 12.04135 76.18685 68.1764 30.49033 65.06585 53.02935 64.54409 4.859941 4.859941 49.95125 4.859941 12.04135 36.00279 36.00279 36.00279 12.04135 35.45727 4.859941 77.90473 2.213717 13.96298 0.5451384 0.4356352 4.859941 12.04135 0.4356352 18.74045 4.859941 4.859941 2.213717 4.859941 36.00279 4.859941 4.859941 4.859941 18.74045 17.507 4.859941 27.45828 4.859941 0.1 17.507 14.81698 0.1 0.1 0.1 0.1 4.859941 10.39768 2.213717 2.213717 0.1 36.00279 36.00279 10.39768 64.54409 67.55311 67.55311 18.74045 67.55311 84.59006 2.213717 4.859941 2.213717 21.00009 2.213717
49.95125 4.859941 67.32247 76.18685 30.49033 36.00279 52.90871 49.95125 0.1 36.00279 0.1 31.39076 12.04135 36.00279 36.00279 4.859941 36.00279 36.00279 35.64657 28.03446 4.859941 2.213717 0.4356352 0.5451384 0.1 0.1 0.1 0.1 17.507 18.74045 0.4356352 0.1 0.5451384 0.1 0.1 0.1 0.1 0.1 4.859941 0.1 2.213717 18.74045 4.859941 4.859941 0.1 13.95384 0.1 36.00279 10.39768 0.1 67.55311 18.74045 36.00279 0.3383963 0.3383963 10.39768 49.95125 67.55311 67.55311 13.95384 4.859941 2.213717 0.1 4.859941 2.213717 10.39768 76.18685
68.1764 35.64657 80.55521 35.45727 35.45727 35.64657 55.6446 17.507 4.859941 64.54409 36.00279 36.00279 12.04135 36.00279 36.00279 36.00279 18.46663 36.00279 11.92202 36.00279 0.1 0.1 2.213717 2.213717 2.213717 12.04135 12.04135 0.1 12.04135 12.04135 0.1 49.36199 13.95384 2.213717 0.1 0.1 0.1 0.1 0.1 0.1 0.1 0.1 0.1 36.00279 4.859941 0.1 0.1 2.213717 18.74045 35.45727 36.00279 36.00279 36.00279 0.1 0.3383963 0.1 36.00279 49.36199 18.74045 0.1 49.95125 21.00009 0.1 36.00279 0.1 38.64851 10.39768
36.00279 28.03446 36.00279 65.06585 36.00279 35.64657 36.00279 35.64657 4.859941 4.859941 36.00279 4.859941 36.00279 36.00279 4.859941 36.00279 4.859941 36.00279 36.00279 35.64657 36.00279 4.859941 13.95384 36.00279 18.74045 4.859941 4.859941 4.859941 36.00279 4.859941 4.859941 0.1 18.74045 4.859941 4.859941 4.859941 4.859941 4.859941 4.859941 4.859941 4.859941 4.859941 36.00279 36.00279 36.00279 0.1 2.213717 4.859941 36.00279 12.04135 10.39768 28.14178 36.00279 67.55311 0.1 49.95125 18.74045 49.36199 14.306 36.00279 10.39768 18.74045 0.4356352 27.45828 36.00279 2.213717 28.14178
17.507 49.95125 49.95125 12.04135 68.1764 35.64657 18.46663 17.507 36.00279 28.03446 17.507 12.04135 28.03446 0.1 4.859941 17.507 12.04135 59.93782 49.95125 36.00279 12.04135 4.859941 36.00279 4.859941 4.859941 36.00279 36.00279 18.74045 36.00279 18.74045 4.859941 4.859941 36.00279 17.507 4.859941 4.859941 36.00279 0.1 4.859941 4.859941 4.859941 4.859941 4.859941 0.1 36.00279 18.74045 4.859941 12.04135 67.55311 18.74045 38.64851 49.95125 4.859941 36.00279 0.1 0.3383963 10.39768 0.1 18.74045 49.95125 49.95125 0.5451384 13.96298 4.859941 36.00279 13.96298 64.54409
36.00279 49.95125 35.45727 68.1764 53.02935 67.25651 0.1 36.00279 36.00279 36.00279 12.04135 12.04135 0.4356352 0.4356352 0.1 30.49033 25.4498 42.52432 49.95125 35.64657 64.54409 12.04135 36.00279 36.00279 4.859941 4.859941 12.04135 4.859941 0.1 4.859941 4.859941 4.859941 4.859941 4.859941 4.859941 4.859941 4.859941 4.859941 36.00279 36.00279 4.859941 36.00279 4.859941 4.859941 12.04135 4.859941 12.04135 36.00279 36.00279 36.00279 36.00279 2.213717 67.55311 36.00279 28.03446 0.1 0.3383963 2.213717 0.1 27.45828 0.3383963 67.55311 18.74045 2.213717 18.74045 0.1 4.859941
12.04135 49.95125 79.63038 49.95125 64.54409 64.54409 49.95125 12.04135 4.859941 42.52432 18.74045 42.52432 27.45828 49.95125 17.507 4.859941 12.04135 36.00279 30.49033 18.74045 4.859941 9.027822 4.859941 4.859941 28.03446 18.74045 18.74045 13.95384 4.859941 36.00279 4.859941 0.1 4.859941 36.00279 4.859941 4.859941 4.859941 18.74045 0.1 4.859941 36.00279 18.74045 36.00279 4.859941 4.859941 4.859941 36.00279 36.00279 36.00279 4.859941 36.00279 36.00279 36.00279 67.55311 36.00279 0.1 0.1 0.1 2.213717 0.1 0.3383963 10.39768 2.213717 4.859941 0.1 0.1 0.1
59.30739 67.55311 52.90871 79.63038 76.18685 79.63038 79.63038 54.91043 49.36199 25.4498 17.507 12.04135 49.95125 36.00279 36.00279 36.00279 64.54409 4.859941 4.859941 36.00279 36.00279 4.859941 18.74045 4.859941 4.859941 12.04135 13.95384 4.859941 36.00279 4.859941 0.1 4.859941 17.507 4.859941 4.859941 4.859941 18.74045 36.00279 4.859941 4.859941 13.95384 13.96298 4.859941 36.00279 4.859941 36.00279 53.02935 36.00279 4.859941 12.04135 4.859941 4.859941 13.95384 2.213717 67.55311 28.14178 35.45727 2.213717 0.1 4.859941 0.1 0.1 0.5451384 0.5451384 18.74045 36.00279 27.45828
68.1764 53.02935 79.63038 35.45727 76.18685 68.1764 64.54409 79.63038 68.1764 4.859941 4.859941 17.507 12.04135 21.49042 68.1764 21.00009 64.54409 18.74045 36.00279 36.00279 4.859941 4.859941 4.859941 4.859941 4.859941 2.213717 4.859941 4.859941 4.859941 4.859941 4.859941 4.859941 17.507 4.859941 4.859941 4.859941 4.859941 4.859941 4.859941 4.859941 2.213717 4.859941 0.1 0.1 2.213717 36.00279 12.1068 36.00279 4.859941 4.859941 4.859941 0.1 0.1 4.859941 4.859941 27.45828 4.859941 4.859941 4.859941 0.1 2.213717 0.1 9.027822 0.1 21.00009 27.45828 35.45727
53.02935 4.859941 64.54409 12.04135 49.95125 49.95125 59.93782 64.54409 4.859941 36.00279 36.00279 36.00279 2.213717 0.1 2.213717 4.859941 4.859941 4.859941 36.00279 11.92202 4.859941 18.74045 12.1068 18.74045 0.1 36.00279 4.859941 4.859941 36.00279 12.04135 4.859941 36.00279 4.859941 4.859941 4.859941 4.859941 36.00279 4.859941 36.00279 36.00279 4.859941 12.04135 36.00279 4.859941 36.00279 36.00279 4.859941 4.859941 36.00279 17.507 12.04135 36.00279 17.507 36.00279 4.859941 36.00279 4.859941 4.859941 4.859941 17.507 4.859941 4.859941 18.74045 0.1 2.213717 0.3383963 0.1
12.04135 49.95125 68.1764 52.90871 67.32247 64.54409 36.00279 35.45727 36.00279 4.859941 35.64657 36.00279 35.45727 36.00279 36.00279 36.00279 36.00279 30.49033 36.00279 4.859941 36.00279 4.859941 18.74045 0.1 4.859941 4.859941 4.859941 4.859941 4.859941 17.507 36.00279 17.507 18.46663 4.859941 17.507 12.04135 4.859941 13.95384 4.859941 12.04135 4.859941 4.859941 0.1 0.1 36.00279 36.00279 36.00279 28.14178 21.00009 36.00279 12.04135 4.859941 4.859941 4.859941 36.00279 36.00279 4.859941 4.859941 17.507 4.859941 35.45727 35.64657 4.859941 0.1 4.859941 59.93782 0.3383963
65.06585 75.30234 75.30234 36.00279 35.64657 12.04135 67.55311 67.55311 18.46663 18.46663 36.00279 18.46663 36.00279 18.46663 36.00279 36.00279 17.507 0.1 4.859941 4.859941 36.00279 21.49042 28.03446 4.859941 12.04135 18.74045 4.859941 36.00279 12.04135 36.00279 4.859941 18.46663 36.00279 0.1 12.04135 4.859941 4.859941 0.1 4.859941 4.859941 18.74045 36.00279 4.859941 4.859941 4.859941 4.859941 4.859941 4.859941 36.00279 0.1 4.859941 36.00279 4.859941 36.00279 4.859941 35.45727 18.46663 36.00279 36.00279 49.95125 35.64657 4.859941 36.00279 4.859941 4.859941 0.1 0.1
79.63038 49.95125 75.30234 12.04135 68.1764 36.00279 64.54409 35.45727 30.49033 12.04135 36.00279 17.507 36.00279 36.00279 36.00279 4.859941 18.74045 36.00279 49.95125 36.00279 2.213717 28.03446 18.74045 18.74045 4.859941 4.859941 4.859941 18.46663 12.04135 4.859941 17.507 12.04135 36.00279 36.00279 4.859941 0.1 36.00279 4.859941 12.1068 18.74045 4.859941 4.859941 4.859941 36.00279 18.46663 12.04135 64.54409 36.00279 36.00279 4.859941 11.92202 17.507 18.74045 4.859941 12.04135 36.00279 36.00279 36.00279 17.507 36.00279 13.95384 36.00279 36.00279 36.00279 36.00279 4.859941 2.213717
79.63038 12.04135 75.30234 49.95125 67.32247 12.04135 80.55521 55.6446 36.00279 12.04135 36.00279 4.859941 30.49033 65.06585 36.00279 12.04135 54.91043 12.04135 21.49042 42.52432 4.859941 18.74045 12.04135 4.859941 4.859941 4.859941 12.04135 36.00279 49.36199 4.859941 4.859941 36.00279 4.859941 36.00279 4.859941 4.859941 4.859941 4.859941 4.859941 4.859941 4.859941 12.04135 4.859941 17.507 4.859941 4.859941 4.859941 4.859941 36.00279 35.64657 35.45727 4.859941 4.859941 49.95125 12.04135 4.859941 4.859941 36.00279 65.06585 4.859941 4.859941 36.00279 35.64657 86.45049 4.859941 36.00279 4.859941
17.507 35.64657 65.06585 255.4437 54.91043 53.02935 36.00279 35.64657 36.00279 14.60172 76.18685 28.03446 17.507 65.06585 36.00279 64.54409 36.00279 36.00279 0.1 0.1 0.1 4.859941 13.95384 18.74045 4.859941 4.859941 12.04135 49.36199 17.507 2.213717 4.859941 36.00279 4.859941 13.95384 2.213717 18.74045 12.04135 12.04135 4.859941 4.859941 18.74045 0.1 2.213717 18.46663 80.55521 53.02935 36.00279 17.507 36.00279 36.00279 4.859941 36.00279 18.46663 4.859941 4.859941 4.859941 36.00279 12.04135 0.1 4.859941 36.00279 36.00279 36.00279 68.1764 0.1 36.00279 18.46663
