rf_thpl.asc
ncols         1040
nrows         514
xllcorner     497943.03125
yllcorner     5178296
cellsize      30
NODATA_value  -9999
[rows 324 to 359 of 514, columns 492 to 573 of 1040]
0 7.896247 12.62247 4.945417 0 0.8414855 22.53026 0 0 0 0 3.249118 0 30.17772 16.10899 35.85311 61.4173 13.8158 9.631404 30.5464 1.591176 9.631404 32.01424 45.29054 31.52079 0 31.52079 31.52079 13.8158 0 32.01424 29.24462 18.48671 31.52079 31.52079 9.631404 0 7.896247 8.732101 8.732101 1.591176 1.591176 0 45.3777 16.10899 0 0 0 0 0 29.24462 0 0 0 0 0.6308638 8.732101 0 0 16.10899 0 31.52079 0 0 30.17772 0 16.10899 30.17772 0.6308638 0 0 0 0 0 0 35.85311 16.10899 0 0 0 0 16.10899
61.4173 81.95272 45.29054 45.29054 21.10472 0.8414855 0 3.249118 3.249118 81.95272 0 30.17772 16.10899 30.17772 45.3777 45.29054 30.17772 30.17772 45.29054 13.8158 0 0 13.8158 0 13.8158 0 29.24462 45.29054 0 0 0 45.29054 2.36771 32.41046 1.956416 4.054748 4.054748 13.8158 16.10899 0 13.8158 29.24462 0 0 45.29054 0 0 0 0 9.120931 0 0.6308638 31.52079 8.732101 0 22.53026 0 32.01424 0 4.945417 0 13.35552 0 22.53026 0 31.52079 0 0.6308638 0 29.24462 0 0 45.29054 22.53026 0 45.3777 0 0 0 30.17772 16.10899 30.17772
61.4173 45.29054 13.8158 61.4173 45.3777 3.249118 61.4173 1.591176 45.29054 13.8158 7.896247 0 9.507509 45.29054 30.17772 81.95272 0 13.8158 53.64764 13.8158 13.8158 13.8158 13.35552 13.35552 35.85311 35.85311 45.29054 0 0 31.52079 13.8158 0 0 4.054748 0 0 30.5464 13.8158 31.52079 29.24462 32.01424 9.631404 9.631404 9.631404 0 3.249118 0 45.3777 0 0 0 0 29.24462 13.8158 45.29054 0 31.52079 0 0.6308638 0 0 0 35.85311 0 0 35.85311 0 0 29.24462 0 0.6308638 0 0 0 30.17772 0 0 22.53026 0 45.29054 0 30.17772
8.732101 8.732101 45.29054 35.85311 0 3.249118 0 30.17772 0 0.8414855 0 45.3777 0.8414855 0 0 9.631404 30.17772 0 31.52079 45.29054 31.52079 31.52079 45.29054 0 45.29054 45.29054 16.10899 31.52079 31.52079 0 22.53026 45.29054 13.8158 1.956416 0 13.8158 8.732101 0 31.52079 0 0 12.86394 0 0 0 0 0 9.120931 0 0 0 0 22.53026 32.01424 0 0 0 45.29054 18.48671 0 31.52079 0 0 0 29.24462 0.6308638 0.6308638 0.6308638 0 8.732101 35.85311 0.6308638 35.85311 35.85311 0 8.732101 22.53026 30.17772 13.8158 31.52079 45.29054 30.17772
35.51734 13.8158 8.732101 9.120931 45.3777 0 45.29054 30.17772 0 0 45.3777 30.17772 45.3777 45.29054 30.17772 0.6308638 0 0 0 45.29054 0 0 45.29054 31.52079 13.8158 31.52079 8.732101 0 0 0.6308638 31.52079 0 0 45.29054 35.85311 18.48671 45.29054 0 45.29054 0 0.6308638 0 22.53026 0 9.120931 0 0 9.120931 0 0 0 0 0 0 30.17772 0 0 0.6308638 0 31.52079 31.52079 31.52079 0 0 0 0 0 29.24462 0 32.01424 0 32.01424 0 45.29054 30.17772 0 0 0 3.249118 30.17772 0 30.17772
45.29054 30.17772 45.29054 45.3777 35.85311 0 0 0 0 30.17772 0 0.8414855 0 0 35.85311 0 45.29054 0 0 0 9.120931 13.8158 3.92128 12.62247 53.64764 13.8158 35.85311 30.17772 29.24462 0 2.36771 0 0 0 0 0 0 0 0 0 0 0 0 0 0 0 0 0 0 0.8414855 0 0 0.6308638 0 31.52079 45.29054 22.53026 0 0 45.29054 0 0.6308638 0 0 0 31.52079 0 0 0 0 0 32.01424 1.739099 0 0 45.3777 0 30.17772 0 0 22.53026 0
45.29054 29.24462 45.29054 45.3777 45.29054 45.3777 30.17772 45.3777 0.6308638 0 30.17772 45.3777 0 45.3777 30.17772 0 0 9.120931 9.631404 29.24462 7.896247 30.17772 35.85311 3.249118 8.732101 30.17772 13.8158 45.29054 13.8158 4.054748 31.52079 0 45.29054 35.85311 0 35.85311 35.85311 35.85311 13.8158 0 0.6308638 0 45.3777 0 13.35552 0 3.249118 9.120931 0 0 29.24462 9.120931 0.6308638 29.24462 29.24462 0 45.29054 0.6308638 0.6308638 0 0 29.24462 8.732101 0 0 0 29.24462 22.53026 0 0 0 0 31.52079 30.17772 22.53026 30.17772 8.732101 13.8158 35.85311 30.17772 35.85311 29.24462
45.29054 0.6308638 0.8414855 0 45.29054 3.249118 45.29054 3.249118 45.3777 0 0 30.17772 0 0 31.52079 1.58398 13.8158 45.29054 13.8158 13.35552 1.591176 45.3777 13.8158 30.17772 8.732101 35.85311 13.8158 30.17772 30.17772 16.10899 0 13.35552 0 13.8158 22.53026 18.48671 0 31.52079 45.29054 0 0 0 0 0.6308638 0.6308638 9.120931 0 13.8158 0 0 0 9.120931 0 0 31.52079 0 29.24462 31.52079 0 31.52079 0 0 0 35.85311 0 0 0 0 0 0 32.01424 32.01424 16.10899 0 0 45.3777 0 0.6308638 35.85311 29.24462 0 0
29.24462 0 29.24462 9.403575 45.29054 3.249118 45.3777 45.3777 30.17772 244.868 4.945417 7.896247 7.896247 13.8158 13.8158 45.29054 16.10899 35.85311 61.4173 45.29054 13.8158 45.29054 13.35552 0 30.17772 35.85311 0 13.35552 35.85311 3.249118 0 0 45.29054 0 0 0 0 0 0.6308638 0 0 0 0 0 0.6308638 0 29.24462 35.85311 45.3777 45.3777 0 0 29.24462 29.24462 45.3777 0 0 8.732101 31.52079 29.24462 0 0 29.24462 0 0 0 0 0 0 9.120931 0 0 0 7.896247 0 45.29054 0 45.3777 0 0 0 7.896247
0 0.8414855 32.01424 0 30.17772 22.53026 45.3777 45.3777 45.3777 13.8158 61.4173 61.4173 61.4173 13.8158 12.95592 13.8158 45.29054 13.8158 12.95592 35.85311 8.732101 8.732101 30.17772 13.8158 0 3.249118 8.732101 35.85311 3.249118 45.29054 0 22.53026 31.52079 29.24462 0 13.8158 35.85311 31.52079 30.17772 13.35552 0 0 0 0 0 22.53026 0 0 30.17772 9.120931 22.53026 29.24462 0 29.24462 0 0 31.52079 31.52079 9.631404 29.24462 0 22.53026 31.52079 31.52079 0 45.29054 0 29.24462 0.6308638 0 0 0 0 0 0 16.10899 0 0 0 31.52079 0 8.732101
45.3777 45.3777 0 0 30.17772 0 45.3777 0 13.8158 61.4173 0 30.17772 8.732101 8.732101 8.732101 0 45.29054 35.85311 8.732101 13.35552 53.64764 8.732101 13.8158 30.17772 8.732101 35.85311 13.8158 35.85311 35.85311 35.85311 13.8158 0 0 0 13.8158 22.53026 16.10899 0 31.52079 0 0 0 9.120931 0 9.120931 0 22.53026 22.53026 22.53026 22.53026 9.120931 0 0 0 0 31.52079 0 0 31.52079 0 0 0 0.6308638 45.29054 8.732101 0 8.732101 0 0.6308638 0 0 0 0.6308638 35.85311 16.10899 30.17772 30.17772 3.249118 0 29.24462 29.24462 31.52079
30.17772 0 29.24462 244.868 9.631404 30.17772 16.10899 13.35552 3.249118 81.95272 7.896247 81.95272 0 21.10472 13.8158 0 13.8158 30.5464 4.054748 30.5464 0 16.10899 13.8158 31.52079 8.732101 13.35552 35.85311 13.35552 8.732101 3.249118 3.249118 3.249118 0 13.8158 13.8158 13.8158 0 22.53026 0 0 0 0 9.120931 0 0 0 0.6308638 0 0.6308638 0 0 0 9.120931 45.3777 16.10899 30.17772 0 8.732101 31.52079 0 0.6308638 13.8158 45.29054 0 31.52079 0 31.52079 0 31.52079 0.6308638 31.52079 0 22.53026 0 45.29054 0.6308638 30.17772 0 30.17772 29.24462 31.52079 0
0 81.95272 81.95272 81.95272 16.17601 0 16.10899 13.35552 30.17772 12.65751 0 9.631404 0 0 0 0 0 30.5464 30.5464 0 16.10899 30.17772 0 0 31.52079 0 0 30.17772 35.85311 35.85311 13.35552 13.8158 8.732101 13.35552 30.17772 35.85311 13.8158 8.732101 0 31.52079 22.53026 0 0.6308638 35.85311 0 0 0 0 0 0 0 0 0 32.01424 31.52079 0 0 0 29.24462 29.24462 0 0 31.52079 0 0 29.24462 13.8158 0 0 31.52079 0 2.36771 0 45.29054 16.10899 16.10899 0 30.17772 0 0 45.29054 31.52079
13.8158 81.95272 0 30.5464 9.507509 0 18.48671 16.10899 3.249118 30.17772 4.945417 9.631404 31.52079 31.52079 31.52079 1.226561 0 0 31.52079 0 45.29054 0.6308638 45.29054 22.53026 0 0 31.52079 16.10899 45.29054 35.85311 8.732101 1.591176 35.85311 30.17772 53.64764 1.591176 13.8158 0 8.732101 35.85311 29.24462 0 29.24462 30.17772 30.17772 0 0 22.53026 244.868 29.24462 0 0 0 0 0 29.24462 0 0 22.53026 0 35.85311 0 0 0 0 0 0 0.6308638 0 0 0 0 0 0 0 0 0 0 0 29.24462 0 45.29054
0 9.120931 0 0 0 0 0.8414855 30.17772 0 13.8158 0 18.48671 13.8158 0 0 0 22.53026 31.52079 22.53026 13.35552 0 0 13.8158 0 0 0 22.53026 22.53026 35.85311 13.8158 30.5464 13.8158 0 30.17772 0 0 30.17772 35.85311 13.8158 30.17772 8.732101 22.53026 0 0 81.95272 3.249118 30.17772 30.17772 3.249118 0 0 29.24462 0.6308638 0 0 0 0 0 0 0 29.24462 0 0 0 0 13.8158 0 0 0 31.52079 0 0 29.24462 31.52079 0 0 13.35552 45.3777 0 29.24462 29.24462 0
30.17772 45.29054 0 45.29054 45.29054 0 0 0 0 0 32.01424 0 0 22.53026 0 45.29054 35.85311 18.48671 35.85311 22.53026 22.53026 0 13.8158 31.52079 1.739099 0 22.53026 35.85311 0 0 0.6308638 0 13.8158 22.53026 31.52079 8.732101 22.53026 31.52079 13.35552 3.249118 30.17772 0 29.24462 30.17772 45.3777 3.249118 45.3777 30.17772 3.249118 45.3777 29.24462 29.24462 0 0 0.6308638 0 29.24462 0 45.3777 0 0 0 0.6308638 0 0 0 0 0 22.53026 22.53026 8.732101 0 13.8158 31.52079 0 0 0 0 45.3777 0 0 0
0 0 30.17772 0 22.53026 8.732101 0 30.17772 0 8.732101 22.53026 0 0 45.29054 0 0 0 1.739099 0 8.732101 0 30.17772 0 30.17772 45.29054 0 45.29054 0 16.10899 45.29054 0 4.945417 0 30.17772 0 31.52079 31.52079 45.29054 35.85311 30.17772 0 13.8158 45.3777 3.249118 0 30.17772 3.249118 3.249118 30.17772 0 13.35552 29.24462 0.6308638 0 18.48671 35.85311 0 35.85311 0.6308638 0.6308638 45.3777 0 0 30.17772 13.35552 0 0.6308638 32.01424 0 32.01424 32.01424 0 0 29.24462 0 29.24462 0.6308638 30.17772 0 0 29.24462 0
30.17772 30.17772 0 0 0 30.17772 30.17772 0 35.85311 35.85311 0 0 31.52079 18.48671 22.53026 0 0 0 45.29054 22.53026 9.120931 0 22.53026 0 32.01424 0 13.8158 16.10899 0 16.10899 0 0 0 22.53026 0 22.53026 18.61918 45.29054 45.29054 0 0 0 35.85311 35.85311 30.17772 13.35552 13.35552 30.17772 3.249118 30.17772 0 13.35552 81.95272 0 0 0 0 0.6308638 0 0 0 0.6308638 29.24462 0.6308638 0 0 0 31.52079 0 0 31.52079 35.85311 30.17772 30.17772 0 0 0 0 0 0.6308638 0 0
4.514474 3.249118 45.3777 22.53026 0.8414855 45.29054 0.6308638 0 45.29054 0 32.01424 0 32.01424 0 32.01424 0 0 31.52079 0 0 0 0 16.10899 16.10899 8.732101 31.52079 0 0 8.732101 0 16.10899 22.53026 0 22.53026 0 13.35552 45.29054 32.01424 0 13.8158 30.17772 13.8158 0 0 0 0 13.8158 35.85311 30.17772 30.17772 81.95272 3.249118 30.17772 30.17772 -9999 -9999 0 0 13.35552 0 29.24462 29.24462 0 0 0 0 0.6308638 0 0 0 0 30.17772 0 0 13.8158 45.3777 0 0 0 29.24462 24.12488 29.24462
0 13.8158 35.85311 13.35552 13.8158 31.52079 45.29054 13.8158 0 35.85311 0 16.10899 0 32.01424 0 0 0 0 4.945417 30.17772 30.17772 0 0 31.52079 18.48671 22.53026 40.17192 22.53026 22.53026 0 16.10899 45.29054 0 22.53026 16.10899 0 0 8.732101 0 13.8158 30.17772 0 0 13.35552 0 0 30.17772 30.17772 0 13.35552 3.249118 3.249118 61.4173 61.4173 0 -9999 -9999 0 0 0 29.24462 0 0 0 0 8.732101 16.10899 31.52079 0 31.52079 32.01424 12.65751 30.17772 13.35552 30.17772 31.52079 0 0 4.945417 8.732101 0.6308638 0
35.85311 13.8158 12.95592 0 13.8158 0 31.52079 0 0 0 13.35552 35.85311 31.52079 4.945417 22.53026 16.10899 22.53026 31.52079 22.53026 22.53026 22.53026 30.17772 8.732101 32.01424 0 13.8158 45.29054 30.17772 22.53026 0 31.52079 0 13.8158 8.732101 22.53026 45.3777 0 35.85311 35.85311 30.17772 13.8158 35.85311 8.732101 35.85311 0 8.732101 8.732101 13.35552 13.8158 30.17772 3.249118 45.3777 30.17772 3.249118 13.35552 81.95272 0 0 0 0 29.24462 0.6308638 0 0 0 0 4.945417 0 22.53026 0 0 0 35.85311 30.17772 0 30.17772 0 0 0 9.631404 0 0
30.17772 30.17772 45.29054 0 22.53026 0 22.53026 31.52079 22.53026 0 0 0 13.8158 30.5464 0 32.01424 22.53026 0 0 9.120931 0 45.29054 45.29054 16.10899 0 0 45.3777 13.8158 16.10899 31.52079 31.52079 22.53026 13.8158 35.85311 31.52079 0 13.35552 35.85311 3.249118 30.17772 0 31.52079 31.52079 0 0 8.732101 13.35552 0 13.35552 45.3777 3.249118 1.591176 30.17772 3.249118 61.4173 61.4173 30.17772 0 0 0 35.85311 0 0 0 29.24462 29.24462 0 0 0 22.53026 0 0 30.17772 30.17772 13.8158 0 30.17772 30.17772 0 9.631404 0 0
0 13.8158 13.8158 30.17772 45.29054 45.29054 13.8158 0 29.24462 0 0 0 0 0 13.8158 13.8158 32.01424 9.631404 0 0 31.52079 0 0 18.48671 8.732101 0 8.732101 45.29054 8.732101 13.8158 0 35.85311 16.10899 0 0 35.85311 35.85311 13.35552 0 13.35552 22.53026 0 0 0 0 0 8.732101 0 45.29054 0 0 0 30.17772 8.732101 30.17772 3.249118 30.17772 3.249118 30.17772 12.86394 0 35.85311 13.8158 29.24462 31.52079 0 29.24462 0.6308638 0 0 0 29.24462 0 45.3777 0 30.17772 0 0 0 35.51734 12.86394 0
0 0 0 13.8158 13.8158 0 0 0 0 31.52079 0 0 0 0 0 13.35552 13.8158 16.10899 0 31.52079 0 8.732101 8.732101 61.4173 45.29054 35.85311 13.8158 8.732101 13.8158 12.95592 13.35552 8.732101 8.732101 13.8158 35.85311 35.85311 22.53026 22.53026 30.5464 0 0 16.10899 0 35.85311 0 31.52079 32.01424 16.10899 32.01424 0 0 0 0 30.17772 61.4173 30.17772 0 0 45.3777 29.24462 0 0 0 0.6308638 0 8.732101 31.52079 45.29054 0 0 0 0 0 35.85311 45.29054 13.8158 0 30.17772 0 31.52079 12.86394 0
0 0 0 0 0 0 0 0 13.8158 0 0 0 0 32.01424 0 0 0 8.732101 13.8158 8.732101 0 30.17772 45.3777 12.95592 13.35552 13.8158 13.35552 13.8158 8.732101 30.17772 35.85311 30.17772 8.732101 35.85311 13.8158 30.5464 32.01424 31.52079 16.10899 45.29054 16.10899 31.52079 0 0 22.53026 45.29054 0 31.52079 31.52079 0 8.732101 30.17772 13.8158 81.95272 0 45.29054 8.732101 0 45.3777 45.3777 12.86394 0 0 0 0 0.6308638 0 35.85311 0 0 0 0.6308638 0 22.53026 9.120931 30.17772 30.17772 0 4.945417 0 0 0
22.53026 0 0 0 0 0 0 0 13.8158 0 0 31.52079 0 22.53026 0 32.01424 0 0 30.5464 31.52079 0 0 0 0 8.732101 13.8158 13.8158 30.5464 12.65751 30.17772 35.85311 30.17772 8.732101 35.85311 13.35552 30.17772 0 31.52079 32.01424 0 35.85311 16.10899 0 35.85311 0 0 0 0 31.52079 16.10899 30.17772 30.17772 30.17772 13.8158 29.24462 45.3777 30.17772 61.4173 61.4173 45.3777 45.3777 34.81321 4.945417 0 0 0.6308638 0 29.24462 0 13.35552 0.6308638 0 0 0 4.945417 30.17772 3.249118 0 3.249118 7.896247 0 0
45.29054 13.8158 30.17772 16.10899 13.35552 30.17772 0 31.52079 0 30.5464 22.53026 30.17772 31.52079 0 0 0 32.01424 50.99897 0 0 0 0 0 0 30.5464 30.5464 30.5464 22.53026 35.85311 13.8158 1.591176 16.10899 31.52079 16.10899 0 45.3777 30.17772 45.29054 0 32.01424 0 0 4.945417 18.48671 45.29054 30.17772 0 31.52079 0 0 4.054748 31.52079 45.3777 22.53026 4.945417 16.10899 30.17772 0 3.249118 30.17772 3.249118 61.4173 61.4173 34.81321 24.12488 0 0 0.6308638 0 0.6308638 0 0 0.6308638 0 22.53026 0 0 0 0 7.76597 45.3777 0
0.8414855 0 30.17772 0 30.17772 30.17772 0 0 0 0 9.120931 0 0 32.01424 29.24462 29.24462 29.24462 0 0 32.01424 22.53026 32.01424 0 32.01424 0 32.01424 12.65751 30.5464 1.591176 0 13.35552 45.3777 18.48671 0 16.10899 45.3777 30.17772 0 31.52079 32.01424 22.53026 0 0 0 0 29.24462 0 0.8414855 0 22.53026 29.24462 0 0.8414855 0 0 9.631404 45.3777 3.249118 81.95272 3.249118 3.249118 30.17772 81.95272 3.249118 8.732101 0 0.6308638 29.24462 0 0 0 0.6308638 0.6308638 0.6308638 0 8.732101 30.17772 30.17772 4.945417 34.81321 0 35.85311
16.10899 0 30.17772 0 0 0 9.120931 22.53026 0 0 0 0 0 0 31.52079 29.24462 7.896247 0 0 0 0 32.01424 32.01424 0 32.01424 18.48671 13.8158 31.52079 0 0 13.35552 4.945417 0 0 30.17772 0 30.17772 0 29.24462 32.01424 32.01424 0 0 29.24462 29.24462 0 29.24462 4.945417 0 29.24462 29.24462 31.52079 22.53026 0 0 29.24462 30.17772 0 30.17772 3.249118 3.249118 30.17772 61.4173 45.3777 61.4173 61.4173 0 13.8158 0 0.6308638 0 0 0.6308638 0 0 8.732101 45.29054 30.17772 0 34.81321 0 0
30.17772 0 31.52079 45.3777 0.6308638 0 0 0 0 0 0 0 0 29.24462 29.24462 0 0 0 0 0 0 45.29054 32.01424 0 0 45.29054 0 0 13.8158 0 13.8158 0 45.3777 0 31.52079 0 0 0 30.17772 31.52079 31.52079 22.53026 0 22.53026 29.24462 0 0 0 31.52079 0 31.52079 0 22.53026 0 0 29.24462 0 31.52079 35.85311 29.24462 30.17772 30.17772 81.95272 3.249118 3.249118 45.3777 3.249118 0 29.24462 0 0 0 45.29054 0 0.6308638 13.8158 0 0 3.249118 40.17192 29.24462 0
30.17772 9.120931 30.17772 0 0 0 22.53026 35.85311 31.52079 0 0 0 0 0 29.24462 30.17772 0 0 0 0 22.53026 0 31.52079 0 0 1.739099 0 0 0 0 31.52079 8.732101 31.52079 0 45.3777 45.3777 0.8414855 0 30.17772 0 0 32.01424 0 22.53026 0 0 0 29.24462 0 0 0 0 4.945417 0 35.85311 0 31.52079 0 4.054748 13.8158 81.95272 30.17772 61.4173 30.17772 30.17772 45.3777 3.249118 61.4173 45.3777 0 0 12.86394 0 0.6308638 0 0 0 0 0 4.945417 0 0.6308638
30.17772 0 0 0 32.01424 13.8158 0.8414855 0 0 0 9.120931 0 0 0 0 0 0 0 0 0 0 0 0 0 17.27986 0 1.739099 0 31.52079 13.35552 22.53026 31.52079 30.17772 22.53026 31.52079 0 22.53026 4.945417 35.51734 29.24462 0 0 0 32.01424 29.24462 0 0 0.8414855 45.3777 29.24462 0 0 0 4.945417 0 0 0 45.29054 31.52079 35.51734 8.732101 8.732101 0 3.249118 30.17772 3.249118 3.249118 3.249118 61.4173 45.3777 0 0.6308638 12.86394 0 0 12.86394 0 0 0 12.86394 0 0
30.17772 0 22.53026 30.17772 0 0 30.17772 0 0 4.945417 0 0 4.945417 0 0 0 0 0 0 0 0 31.52079 0 0 4.054748 0 45.29054 45.3777 30.17772 13.8158 0 0 0 3.249118 0 35.85311 0 0 0 32.01424 0 0 0 0 29.24462 2.36771 0 0 29.24462 0 0 29.24462 0 0 0 0 0 0 0 31.52079 31.52079 31.52079 13.8158 13.8158 35.85311 13.8158 16.10899 45.3777 3.249118 13.35552 0 61.4173 4.945417 0 0 12.86394 0 4.945417 29.24462 0 0 0
30.17772 0 22.53026 0 0 9.120931 30.17772 31.52079 7.896247 81.95272 0 0 45.29054 0 0 0 0 0 0 0 0 9.120931 32.01424 29.24462 0 0 45.29054 45.3777 0 0 0 0 13.8158 0 0 35.85311 0 0 0 0 0 0 0 31.52079 0 0 0 0 29.24462 29.24462 0 9.631404 31.52079 29.24462 31.52079 9.120931 29.24462 31.52079 0 32.01424 0 31.52079 31.52079 18.48671 0 30.17772 35.85311 0 8.732101 8.732101 0 3.249118 30.17772 0 0 0.6308638 12.86394 0 0 0 16.10899 12.86394
30.17772 0 45.3777 0 81.95272 8.732101 4.945417 61.4173 3.249118 13.35552 13.8158 35.85311 8.732101 13.35552 4.945417 0 0 0 0 0 0 0 18.48671 32.01424 0 30.17772 16.10899 30.17772 3.249118 0 0.8414855 0 0 0 22.53026 13.8158 0 0 0 0 0 29.24462 16.10899 4.945417 0 29.24462 0.8414855 29.24462 29.24462 9.631404 0 31.52079 29.24462 35.51734 9.507509 40.17192 4.945417 29.24462 0 0 22.53026 0 0 13.8158 0 30.17772 30.17772 13.35552 0 4.945417 30.17772 45.3777 61.4173 45.3777 12.86394 12.86394 0 0 0 35.85311 29.24462 9.631404
30.17772 16.10899 3.249118 81.95272 13.35552 0.6308638 35.85311 30.17772 30.17772 0 0 35.85311 35.85311 13.35552 45.3777 0 0 0 0 0 22.53026 0 0 0 29.24462 13.8158 0 0 35.85311 30.17772 0 18.48671 9.120931 0.8414855 16.10899 0 4.945417 0 0 30.17772 18.48671 29.24462 0 35.51734 29.24462 4.945417 31.52079 29.24462 29.24462 32.01424 29.24462 31.52079 0 29.24462 0 29.24462 0 29.24462 31.52079 31.52079 0 0 31.52079 0 0 13.8158 0 13.8158 13.8158 0 8.732101 8.732101 3.249118 0 45.3777 4.945417 12.86394 31.52079 31.52079 0 29.24462 0.6308638
