rf_totBA.asc
ncols         1040
nrows         514
xllcorner     497943.03125
yllcorner     5178296
cellsize      30
NODATA_value  -9999
[rows 300 to 329 of 514, columns 670 to 736 of 1040]
3.543274 13.57071 65.06585 17.507 13.57071 13.57071 27.6913 2.520577 13.57071 67.25651 30.49033 77.8966 2.520577 13.57071 3.543274 53.02935 13.57071 2.520577 1.552818 18.46663 53.02935 59.93782 13.57071 79.63038 65.06585 77.8966 2.520577 59.93782 66.56771 59.93782 66.56771 79.63038 36.90972 65.06585 65.06585 30.49033 4.859941 18.46663 65.06585 67.32247 65.60933 79.63038 79.63038 65.60933 12.04135 49.36199 12.04135 30.49033 59.93782 28.03446 30.49033 53.02935 31.16456 49.95125 53.02935 12.04135 55.6446 65.06585 36.00279 36.00279 12.04135 17.507 17.507 18.46663 0.1 0.1 0.1
13.57071 13.57071 0.5451384 67.25651 13.57071 53.02935 13.57071 47.88182 65.06585 65.06585 47.88182 66.56771 13.57071 13.57071 42.52432 13.57071 13.57071 13.57071 17.507 18.46663 13.57071 79.63038 36.00279 77.8966 77.14522 54.91043 53.02935 13.57071 13.57071 67.25651 67.25651 36.90972 0.1 36.90972 55.6446 65.06585 17.507 4.859941 65.06585 65.06585 55.6446 35.64657 12.04135 65.60933 79.63038 42.52432 17.507 17.507 2.520577 12.04135 66.56771 12.04135 65.06585 31.16456 53.02935 47.88182 47.88182 36.00279 55.6446 53.02935 12.04135 0.1 4.859941 4.859941 80.55521 79.63038 68.1764
0.1 0.1 3.543274 47.88182 13.57071 13.57071 30.49033 59.93782 13.57071 59.93782 13.57071 17.507 13.57071 67.25651 77.8966 13.57071 47.88182 67.25651 18.46663 47.88182 41.33904 59.93782 53.02935 53.02935 79.63038 13.57071 79.63038 77.8966 84.59006 13.57071 67.25651 12.9588 30.84925 36.90972 67.32247 17.507 17.507 13.57071 53.02935 49.95125 53.02935 65.06585 65.06585 67.32247 76.18685 2.520577 0.4356352 53.02935 77.8966 36.00279 42.52432 49.36199 10.39768 0.1 0.1 13.57071 28.03446 30.49033 36.00279 17.507 4.859941 12.04135 35.45727 79.63038 35.45727 35.45727 49.95125
67.25651 13.57071 13.57071 67.25651 13.57071 53.02935 30.49033 13.57071 59.93782 59.93782 36.00279 42.52432 47.88182 42.52432 2.520577 0.4356352 13.57071 17.507 2.520577 17.507 65.06585 53.02935 59.93782 13.57071 30.49033 30.49033 59.93782 13.57071 67.25651 79.63038 67.25651 30.84925 36.90972 77.8966 17.507 30.49033 80.55521 0.1 153.6541 0.1 0.1 31.16456 80.55521 31.16456 35.64657 35.64657 30.49033 65.60933 12.9588 68.1764 0.4356352 66.56771 2.520577 59.93782 12.04135 14.81698 10.39768 10.39768 2.213717 2.213717 4.859941 54.91043 65.06585 49.95125 35.45727 54.91043 68.1764
0.1 67.25651 53.02935 67.25651 25.4498 54.91043 49.95125 53.02935 77.8966 13.57071 59.93782 13.57071 0.1 2.520577 53.02935 53.02935 2.520577 18.46663 65.06585 13.57071 36.00279 53.02935 68.1764 30.49033 18.74045 30.49033 53.02935 2.520577 13.57071 84.59006 12.04135 13.57071 53.02935 9.963825 30.49033 59.93782 53.02935 36.00279 35.45727 36.00279 17.507 47.88182 17.507 65.06585 54.91043 65.06585 65.06585 17.507 65.60933 10.39768 25.4498 2.520577 10.39768 12.04135 17.507 0.4356352 0.4356352 30.49033 14.81698 42.52432 17.507 42.52432 12.04135 65.06585 79.63038 68.1764 35.64657
67.25651 13.57071 67.25651 13.57071 14.81698 59.93782 53.02935 27.6913 2.520577 59.93782 77.8966 18.46663 13.57071 17.507 53.02935 53.02935 47.88182 18.46663 18.46663 59.93782 17.507 59.93782 68.1764 17.507 68.1764 12.04135 79.63038 54.91043 13.57071 30.49033 2.520577 59.93782 13.57071 0.1 0.1 36.90972 17.507 0.1 30.49033 3.543274 4.859941 0.1 17.507 153.6541 47.88182 47.88182 65.06585 65.06585 53.02935 59.93782 0.4356352 30.49033 12.04135 0.4356352 12.04135 0.4356352 30.49033 13.57071 12.04135 0.4356352 17.507 53.02935 65.06585 65.06585 35.64657 80.55521 53.02935
13.57071 17.507 67.25651 30.49033 2.520577 42.52432 47.88182 2.520577 2.520577 13.57071 13.57071 47.88182 18.46663 36.00279 49.36199 42.52432 2.520577 59.93782 53.02935 30.49033 54.91043 30.49033 53.02935 13.57071 2.520577 2.520577 17.507 77.14522 2.520577 36.00279 17.507 13.57071 13.57071 53.02935 59.93782 67.25651 13.57071 13.57071 42.52432 13.57071 65.06585 17.507 47.88182 65.06585 35.45727 76.18685 53.02935 53.02935 68.1764 65.60933 84.59006 68.1764 54.91043 53.02935 17.507 42.52432 13.57071 68.1764 84.59006 10.39768 36.00279 59.30739 12.04135 55.6446 86.45049 53.02935 31.16456
13.57071 53.02935 66.56771 77.14522 0.4356352 79.63038 30.49033 47.88182 47.88182 47.88182 36.00279 47.88182 77.8966 30.49033 77.90473 64.54409 49.36199 2.520577 2.520577 68.1764 65.60933 59.93782 12.04135 77.14522 53.02935 68.1764 53.02935 2.520577 17.507 2.520577 47.88182 30.49033 17.507 13.57071 13.57071 13.57071 18.46663 13.57071 17.507 36.00279 67.25651 0.1 53.02935 18.46663 53.02935 255.4437 49.95125 65.06585 79.63038 79.63038 65.60933 66.56771 68.1764 49.36199 77.14522 10.39768 12.9588 28.14178 12.04135 76.18685 47.88182 35.64657 31.16456 80.55521 80.55521 80.55521 55.6446
12.04135 42.52432 13.57071 77.8966 77.14522 77.8966 2.520577 30.49033 17.507 17.507 53.02935 53.02935 77.8966 38.64851 64.54409 13.96298 49.36199 13.57071 53.02935 13.57071 12.04135 65.06585 53.02935 65.60933 77.8966 84.59006 59.93782 36.00279 2.520577 36.00279 36.00279 30.49033 17.507 59.93782 59.93782 2.520577 0.1 0.1 2.520577 0.1 53.02935 49.95125 53.02935 35.45727 65.06585 79.63038 53.02935 79.63038 65.06585 76.18685 79.63038 42.52432 14.306 66.56771 18.74045 12.04135 12.04135 4.859941 12.04135 47.88182 12.04135 47.88182 53.02935 55.6446 80.55521 55.6446 4.859941
18.46663 12.04135 53.02935 54.91043 59.93782 13.57071 13.57071 18.74045 17.507 18.46663 65.06585 53.02935 79.63038 79.63038 79.63038 49.36199 68.1764 54.91043 53.02935 59.93782 12.04135 18.74045 25.4498 53.02935 53.02935 12.04135 47.88182 13.57071 18.46663 2.520577 18.46663 59.93782 36.00279 30.49033 59.93782 65.06585 65.06585 77.8966 77.14522 53.02935 53.02935 18.74045 35.45727 30.49033 53.02935 59.30739 65.06585 65.60933 79.63038 76.18685 53.02935 12.9588 53.02935 68.1764 13.57071 36.00279 67.25651 12.04135 17.507 47.88182 59.93782 44.75604 4.859941 67.32247 65.60933 13.57071 12.04135
30.49033 30.49033 64.54409 77.14522 77.14522 13.57071 0.1 30.49033 59.93782 47.88182 42.52432 18.46663 59.93782 0.4356352 59.93782 64.54409 84.59006 12.04135 42.52432 49.36199 49.36199 54.91043 36.00279 49.95125 64.54409 54.91043 30.49033 18.46663 30.49033 17.507 10.39768 42.52432 30.49033 49.36199 66.56771 53.02935 13.57071 36.00279 18.46663 12.04135 53.02935 30.49033 47.88182 30.49033 14.306 36.00279 36.00279 36.00279 30.49033 4.859941 49.95125 14.81698 59.93782 49.95125 35.45727 12.04135 28.03446 9.963825 13.57071 0.4356352 49.36199 4.149109 14.81698 54.91043 54.91043 53.02935 12.04135
53.02935 13.57071 25.4498 0.4356352 12.04135 42.52432 0.1 59.93782 42.52432 17.507 25.4498 18.46663 25.4498 49.36199 47.88182 49.36199 12.04135 14.81698 66.56771 0.4356352 49.36199 47.88182 12.04135 36.00279 12.04135 49.36199 36.00279 2.520577 47.88182 36.00279 2.520577 36.00279 36.00279 0.4356352 30.49033 47.88182 12.04135 0.4356352 36.00279 12.04135 64.54409 12.04135 12.04135 12.04135 10.39768 4.859941 67.25651 17.507 36.00279 59.93782 79.63038 65.06585 25.4498 84.59006 65.60933 14.81698 10.39768 84.59006 13.57071 2.520577 42.52432 9.963825 42.52432 59.93782 30.49033 53.02935 53.02935
42.52432 84.59006 42.52432 42.52432 2.520577 2.520577 2.520577 49.36199 14.81698 0.1 18.46663 4.859941 4.859941 59.93782 0.1 13.57071 14.81698 77.14522 0.4356352 18.46663 17.507 14.81698 49.95125 12.04135 35.45727 36.00279 77.8966 42.52432 36.00279 18.46663 2.520577 17.507 13.57071 17.507 12.04135 30.49033 12.04135 59.93782 49.36199 76.18685 49.36199 17.507 13.57071 66.56771 49.36199 42.52432 42.52432 12.04135 77.8966 49.95125 65.60933 35.45727 13.57071 84.59006 84.59006 59.93782 79.63038 54.91043 30.49033 17.507 14.306 0.1 30.49033 53.02935 47.88182 49.95125 35.45727
12.04135 0.1 59.93782 0.4356352 12.04135 13.57071 36.00279 42.52432 49.95125 47.88182 17.507 12.04135 47.88182 42.52432 0.4356352 10.39768 18.74045 0.4356352 0.4356352 0.4356352 30.49033 18.46663 25.4498 13.57071 54.91043 47.88182 12.04135 12.04135 30.49033 47.88182 42.52432 13.57071 2.520577 2.520577 47.88182 36.00279 12.04135 59.93782 17.507 42.52432 12.04135 12.04135 59.93782 49.36199 14.81698 4.859941 12.04135 17.507 4.859941 79.63038 68.1764 53.02935 84.59006 79.63038 49.95125 53.02935 59.93782 53.02935 4.859941 0.4356352 0.4356352 12.04135 84.59006 30.49033 53.02935 65.06585 68.1764
13.57071 0.1 36.00279 54.91043 42.52432 30.49033 67.25651 42.52432 42.52432 77.8966 4.859941 0.1 17.507 65.06585 12.04135 47.88182 12.04135 36.00279 49.36199 36.00279 17.507 4.859941 36.00279 13.57071 49.36199 12.04135 12.04135 12.04135 53.02935 17.507 0.4356352 2.520577 13.57071 47.88182 54.91043 42.52432 59.93782 49.36199 18.74045 49.36199 36.00279 36.00279 59.93782 0.4356352 2.520577 13.57071 36.00279 12.04135 17.507 2.213717 64.54409 67.25651 59.93782 42.52432 42.52432 59.93782 42.52432 84.59006 12.04135 12.04135 0.4356352 36.90972 30.49033 4.859941 17.507 65.06585 65.06585
49.36199 42.52432 18.74045 28.14178 42.52432 17.507 36.00279 28.03446 25.4498 4.859941 4.859941 30.49033 36.00279 18.46663 36.00279 18.74045 18.74045 18.74045 18.74045 34.92534 0.4356352 36.00279 0.1 42.52432 49.95125 49.95125 13.57071 18.46663 2.520577 13.57071 10.39768 42.52432 2.520577 47.88182 36.00279 12.04135 49.95125 49.36199 0.4356352 14.81698 12.04135 49.36199 54.91043 0.4356352 42.52432 4.859941 36.00279 18.74045 12.04135 38.64851 59.93782 64.54409 84.59006 76.18685 49.95125 12.9588 84.59006 10.39768 17.507 54.91043 0.4356352 66.56771 59.93782 12.04135 65.06585 59.93782 17.507
36.00279 0.4356352 12.04135 17.507 17.507 42.52432 18.74045 0.4356352 42.52432 18.74045 49.36199 0.4356352 36.00279 36.00279 36.00279 17.507 28.03446 49.36199 0.4356352 0.4356352 49.36199 36.00279 18.74045 0.4356352 42.52432 59.93782 2.520577 36.00279 49.36199 2.520577 12.04135 13.57071 64.54409 2.520577 12.04135 53.02935 12.04135 49.36199 12.04135 14.81698 12.04135 12.04135 49.36199 49.36199 12.04135 25.4498 18.74045 49.36199 25.4498 54.91043 0.4356352 42.52432 30.49033 84.59006 18.74045 0.4356352 54.91043 0.5451384 84.59006 13.57071 49.95125 66.56771 76.18685 65.06585 53.02935 36.00279 65.06585
54.91043 77.8966 0.4356352 12.04135 13.57071 13.57071 0.4356352 12.04135 42.52432 30.49033 49.36199 0.4356352 21.49042 4.859941 36.00279 30.49033 53.02935 4.859941 12.04135 42.52432 12.04135 36.00279 0.1 36.00279 18.74045 36.00279 12.04135 13.57071 42.52432 13.57071 36.00279 0.4356352 30.49033 36.00279 77.8966 12.04135 49.36199 49.36199 12.04135 10.39768 59.93782 59.93782 59.93782 66.56771 12.04135 36.00279 49.36199 12.04135 12.04135 49.95125 49.95125 0.4356352 64.54409 49.36199 59.93782 76.18685 2.213717 65.60933 68.1764 30.49033 28.03446 10.39768 59.93782 53.02935 65.06585 65.06585 68.1764
18.74045 0.5451384 49.95125 54.91043 36.00279 49.36199 0.4356352 76.18685 25.4498 17.507 4.859941 0.4356352 12.04135 0.3383963 17.507 18.46663 36.00279 12.04135 0.1 0.1 21.49042 12.04135 0.3383963 36.00279 42.52432 17.507 2.520577 17.507 18.46663 12.04135 12.04135 14.81698 13.57071 12.04135 18.74045 12.04135 17.507 30.49033 14.81698 12.04135 2.213717 18.74045 12.04135 0.4356352 49.36199 14.81698 49.36199 36.00279 28.03446 49.36199 0.4356352 49.95125 4.859941 25.4498 30.49033 12.04135 36.00279 68.1764 65.06585 12.04135 30.49033 59.93782 76.18685 76.18685 4.859941 47.88182 12.04135
12.04135 36.00279 0.4356352 36.00279 12.04135 36.00279 0.4356352 49.36199 0.4356352 36.00279 17.507 49.36199 0.4356352 42.52432 14.306 36.00279 47.88182 47.88182 36.00279 0.4356352 0.4356352 12.04135 4.149109 12.04135 14.81698 36.00279 0.4356352 17.507 12.04135 36.00279 30.49033 12.04135 77.8966 4.859941 0.4356352 66.56771 66.56771 12.04135 12.04135 38.64851 59.93782 4.859941 17.507 12.04135 49.36199 59.93782 30.49033 36.00279 30.49033 49.95125 64.54409 64.54409 42.52432 68.1764 65.06585 12.04135 49.95125 65.06585 65.06585 0.1 4.859941 79.63038 49.95125 49.36199 30.49033 53.02935 12.04135
17.507 10.39768 21.49042 0.4356352 34.92534 42.52432 34.92534 49.36199 36.00279 18.74045 36.00279 0.4356352 0.4356352 36.00279 0.4356352 18.74045 4.859941 18.46663 12.04135 49.36199 49.36199 4.859941 0.4356352 64.54409 4.859941 17.507 49.36199 17.507 14.81698 12.04135 12.04135 84.59006 12.04135 76.18685 0.4356352 36.00279 0.1 12.04135 49.36199 12.9588 12.04135 4.859941 36.00279 36.00279 12.04135 49.36199 4.859941 76.18685 12.04135 49.36199 75.30234 67.25651 79.63038 84.59006 30.49033 13.57071 84.59006 0.4356352 77.14522 0.3383963 0.1 49.95125 41.33904 36.00279 59.93782 53.02935 36.00279
36.00279 64.54409 76.18685 13.95384 10.39768 54.91043 0.4356352 36.00279 18.74045 12.9588 59.93782 59.93782 30.49033 0.4356352 12.9588 4.859941 4.859941 36.00279 12.04135 36.00279 13.95384 0.4356352 12.04135 12.04135 36.00279 12.04135 12.04135 12.04135 30.49033 38.64851 0.4356352 36.00279 12.04135 36.00279 0.4356352 12.04135 30.49033 12.04135 12.9588 4.149109 14.81698 30.49033 17.507 36.00279 42.52432 49.36199 18.74045 0.1 49.36199 75.30234 17.507 59.93782 59.93782 49.36199 12.04135 54.91043 30.49033 2.520577 42.52432 0.4356352 12.04135 18.74045 75.30234 53.02935 84.59006 59.93782 42.52432
36.00279 36.00279 4.859941 49.36199 36.00279 30.49033 54.91043 18.74045 12.1068 49.36199 14.306 59.93782 14.306 49.95125 0.4356352 4.859941 4.859941 12.04135 36.00279 12.1068 0.1 21.49042 4.859941 4.859941 4.859941 12.04135 12.04135 42.52432 0.3383963 49.36199 49.36199 42.52432 36.00279 36.00279 14.306 12.04135 36.00279 14.60172 10.39768 14.60172 4.859941 12.04135 12.04135 42.52432 17.507 21.49042 2.213717 59.93782 12.9588 64.54409 49.95125 77.14522 77.14522 64.54409 10.39768 0.4356352 2.520577 79.63038 54.91043 66.56771 14.306 49.95125 65.06585 49.95125 84.59006 59.93782 64.54409
12.1068 42.52432 4.859941 4.859941 59.93782 0.4356352 0.4356352 0.4356352 49.36199 0.4356352 10.39768 28.03446 36.00279 0.1 2.213717 2.213717 30.49033 12.04135 4.859941 27.45828 0.1 38.64851 42.52432 17.507 36.00279 36.00279 0.4356352 36.00279 49.36199 12.04135 30.49033 12.04135 59.93782 42.52432 49.36199 36.00279 0.1 14.81698 28.03446 49.36199 12.04135 17.507 49.36199 49.36199 36.00279 65.06585 13.95384 2.213717 30.49033 54.91043 59.93782 79.63038 49.95125 79.63038 79.63038 75.30234 79.63038 76.18685 77.14522 79.63038 30.84925 75.30234 68.1764 79.63038 79.63038 84.59006 68.1764
12.04135 4.859941 36.00279 36.00279 4.859941 36.00279 28.03446 0.1 12.04135 13.95384 0.4356352 18.74045 12.04135 0.3383963 42.52432 28.03446 59.93782 36.00279 36.00279 36.00279 76.18685 0.1 84.59006 36.00279 18.74045 59.93782 49.36199 12.04135 36.00279 36.00279 66.55188 36.00279 12.04135 66.56771 12.04135 47.88182 0.4356352 49.36199 36.00279 36.00279 36.00279 17.507 23.55333 12.04135 4.859941 4.859941 12.04135 36.90972 36.00279 64.54409 52.90871 35.45727 66.55188 79.63038 75.30234 59.93782 76.18685 76.18685 54.91043 13.57071 66.56771 49.95125 67.32247 65.06585 65.60933 38.64851 75.30234
36.00279 4.859941 13.95384 36.00279 4.859941 12.04135 12.04135 17.507 4.859941 12.04135 64.54409 0.4356352 36.00279 2.520577 0.4356352 10.39768 12.04135 4.859941 64.54409 12.04135 2.213717 36.00279 30.49033 49.36199 59.93782 30.49033 12.04135 34.92534 12.04135 36.00279 36.00279 30.49033 59.93782 12.9588 12.04135 49.36199 17.507 0.4356352 17.507 12.04135 49.36199 36.00279 17.507 0.4356352 12.04135 36.00279 13.95384 12.9588 36.00279 12.04135 49.95125 49.95125 12.04135 49.95125 79.63038 79.63038 12.04135 42.52432 77.14522 53.02935 10.39768 0.1 84.59006 75.30234 153.6541 36.00279 36.00279
17.507 36.00279 4.859941 4.859941 17.507 49.95125 18.46663 36.00279 36.00279 12.04135 36.00279 2.213717 64.54409 0.4356352 36.00279 0.4356352 2.213717 30.49033 30.49033 36.00279 68.1764 79.63038 17.507 36.00279 36.00279 12.04135 34.92534 68.1764 64.54409 42.52432 18.74045 64.54409 21.49042 17.507 12.04135 14.81698 12.9588 49.36199 42.52432 12.04135 30.49033 49.36199 49.36199 36.00279 4.859941 4.859941 76.18685 4.859941 59.93782 18.74045 84.59006 30.49033 66.56771 79.63038 49.95125 64.54409 10.39768 49.95125 54.91043 66.56771 49.95125 54.91043 67.32247 153.6541 55.6446 35.64657 35.45727
12.04135 86.45049 36.00279 36.00279 0.1 4.859941 4.859941 36.00279 18.46663 36.00279 11.92202 4.859941 52.90871 65.60933 64.54409 36.00279 49.95125 12.04135 4.859941 36.00279 21.49042 10.39768 0.4356352 36.00279 68.1764 49.36199 12.04135 64.54409 23.55333 36.00279 77.90473 36.00279 17.507 4.859941 59.93782 12.9588 12.9588 36.00279 30.49033 12.9588 21.00009 21.49042 0.4356352 12.9588 36.00279 12.04135 36.00279 17.507 47.58523 64.54409 49.95125 21.49042 64.54409 49.95125 79.63038 21.00009 49.95125 76.18685 84.59006 59.93782 30.49033 67.32247 67.32247 65.60933 76.18685 49.95125 80.55521
12.04135 18.46663 65.06585 4.859941 4.859941 18.74045 17.507 36.00279 36.00279 12.04135 36.00279 36.00279 4.859941 4.859941 28.03446 79.63038 36.00279 12.1068 49.95125 49.95125 0.1 10.39768 10.39768 0.4356352 10.39768 34.92534 59.93782 10.39768 21.49042 67.55311 84.59006 36.00279 4.859941 12.04135 18.74045 49.36199 12.9588 0.1 66.56771 2.213717 2.213717 12.9588 2.213717 36.00279 59.93782 64.54409 12.04135 12.04135 12.9588 36.00279 65.60933 65.60933 54.91043 49.95125 77.90473 79.63038 49.95125 12.04135 84.59006 35.45727 65.60933 65.60933 84.59006 67.55311 52.90871 65.06585 68.1764
4.859941 47.88182 4.859941 12.04135 36.00279 36.00279 4.859941 12.04135 65.06585 36.00279 17.507 12.04135 36.00279 11.92202 36.00279 12.04135 36.00279 4.859941 35.64657 4.859941 31.39076 10.39768 4.149109 10.39768 0.3383963 64.54409 64.54409 66.56771 13.95384 0.3383963 49.95125 30.49033 54.91043 36.00279 66.56771 34.92534 49.36199 2.213717 76.18685 36.00279 12.04135 36.00279 36.00279 21.49042 0.4356352 12.04135 49.36199 17.507 13.96298 64.54409 49.36199 79.63038 49.95125 54.91043 53.02935 49.95125 10.39768 54.91043 68.1764 4.859941 66.56771 66.56771 65.60933 67.32247 65.06585 80.55521 35.64657
