utme.asc
ncols         1040
nrows         514
xllcorner     497943.03125
yllcorner     5178296
cellsize      30
NODATA_value  -9999
[rows 160 to 191 of 514, columns 355 to 425 of 1040]
500075 500081 500087 500093 500099 500105 500111 500117 500123 500129 500135 500141 500147 500153 500159 500165 500171 500177 500183 500189 500195 500201 500207 500213 500219 500225 500231 500237 500243 500249 500255 500261 500267 500273 500279 500285 500291 500297 500303 500309 500315 500321 500327 500333 500339 500345 500351 500357 500363 500369 500375 500381 500387 500393 500399 500405 500411 500417 500423 500429 500435 500441 500447 500453 500459 500465 500471 500477 500483 500489 500495
500075 500081 500087 500093 500099 500105 500111 500117 500123 500129 500135 500141 500147 500153 500159 500165 500171 500177 500183 500189 500195 500201 500207 500213 500219 500225 500231 500237 500243 500249 500255 500261 500267 500273 500279 500285 500291 500297 500303 500309 500315 500321 500327 500333 500339 500345 500351 500357 500363 500369 500375 500381 500387 500393 500399 500405 500411 500417 500423 500429 500435 500441 500447 500453 500459 500465 500471 500477 500483 500489 500495
500075 500081 500087 500093 500099 500105 500111 500117 500123 500129 500135 500141 500147 500153 500159 500165 500171 500177 500183 500189 500195 500201 500207 500213 500219 500225 500231 500237 500243 500249 500255 500261 500267 500273 500279 500285 500291 500297 500303 500309 500315 500321 500327 500333 500339 500345 500351 500357 500363 500369 500375 500381 500387 500393 500399 500405 500411 500417 500423 500429 500435 500441 500447 500453 500459 500465 500471 500477 500483 500489 500495
500075 500081 500087 500093 500099 500105 500111 500117 500123 500129 500135 500141 500147 500153 500159 500165 500171 500177 500183 500189 500195 500201 500207 500213 500219 500225 500231 500237 500243 500249 500255 500261 500267 500273 500279 500285 500291 500297 500303 500309 500315 500321 500327 500333 500339 500345 500351 500357 500363 500369 500375 500381 500387 500393 500399 500405 500411 500417 500423 500429 500435 500441 500447 500453 500459 500465 500471 500477 500483 500489 500495
500075 500081 500087 500093 500099 500105 500111 500117 500123 500129 500135 500141 500147 500153 500159 500165 500171 500177 500183 500189 500195 500201 500207 500213 500219 500225 500231 500237 500243 500249 500255 500261 500267 500273 500279 500285 500291 500297 500303 500309 500315 500321 500327 500333 500339 500345 500351 500357 500363 500369 500375 500381 500387 500393 500399 500405 500411 500417 500423 500429 500435 500441 500447 500453 500459 500465 500471 500477 500483 500489 500495
500075 500081 500087 500093 500099 500105 500111 500117 500123 500129 500135 500141 500147 500153 500159 500165 500171 500177 500183 500189 500195 500201 500207 500213 500219 500225 500231 500237 500243 500249 500255 500261 500267 500273 500279 500285 500291 500297 500303 500309 500315 500321 500327 500333 500339 500345 500351 500357 500363 500369 500375 500381 500387 500393 500399 500405 500411 500417 500423 500429 500435 500441 500447 500453 500459 500465 500471 500477 500483 500489 500495
500075 500081 500087 500093 500099 500105 500111 500117 500123 500129 500135 500141 500147 500153 500159 500165 500171 500177 500183 500189 500195 500201 500207 500213 500219 500225 500231 500237 500243 500249 500255 500261 500267 500273 500279 500285 500291 500297 500303 500309 500315 500321 500327 500333 500339 500345 500351 500357 500363 500369 500375 500381 500387 500393 500399 500405 500411 500417 500423 500429 500435 500441 500447 500453 500459 500465 500471 500477 500483 500489 500495
500075 500081 500087 500093 500099 500105 500111 500117 500123 500129 500135 500141 500147 500153 500159 500165 500171 500177 500183 500189 500195 500201 500207 500213 500219 500225 500231 500237 500243 500249 500255 500261 500267 500273 500279 500285 500291 500297 500303 500309 500315 500321 500327 500333 500339 500345 500351 500357 500363 500369 500375 500381 500387 500393 500399 500405 500411 500417 500423 500429 500435 500441 500447 500453 500459 500465 500471 500477 500483 500489 500495
500075 500081 500087 500093 500099 500105 500111 500117 500123 500129 500135 500141 500147 500153 500159 500165 500171 500177 500183 500189 500195 500201 500207 500213 500219 500225 500231 500237 500243 500249 500255 500261 500267 500273 500279 500285 500291 500297 500303 500309 500315 500321 500327 500333 500339 500345 500351 500357 500363 500369 500375 500381 500387 500393 500399 500405 500411 500417 500423 500429 500435 500441 500447 500453 500459 500465 500471 500477 500483 500489 500495
500075 500081 500087 500093 500099 500105 500111 500117 500123 500129 500135 500141 500147 500153 500159 500165 500171 500177 500183 500189 500195 500201 500207 500213 500219 500225 500231 500237 500243 500249 500255 500261 500267 500273 500279 500285 500291 500297 500303 500309 500315 500321 500327 500333 500339 500345 500351 500357 500363 500369 500375 500381 500387 500393 500399 500405 500411 500417 500423 500429 500435 500441 500447 500453 500459 500465 500471 500477 500483 500489 500495
500075 500081 500087 500093 500099 500105 500111 500117 500123 500129 500135 500141 500147 500153 500159 500165 500171 500177 500183 500189 500195 500201 500207 500213 500219 500225 500231 500237 500243 500249 500255 500261 500267 500273 500279 500285 500291 500297 500303 500309 500315 500321 500327 500333 500339 500345 500351 500357 500363 500369 500375 500381 500387 500393 500399 500405 500411 500417 500423 500429 500435 500441 500447 500453 500459 500465 500471 500477 500483 500489 500495
500075 500081 500087 500093 500099 500105 500111 500117 500123 500129 500135 500141 500147 500153 500159 500165 500171 500177 500183 500189 500195 500201 500207 500213 500219 500225 500231 500237 500243 500249 500255 500261 500267 500273 500279 500285 500291 500297 500303 500309 500315 500321 500327 500333 500339 500345 500351 500357 500363 500369 500375 500381 500387 500393 500399 500405 500411 500417 500423 500429 500435 500441 500447 500453 500459 500465 500471 500477 500483 500489 500495
500075 500081 500087 500093 500099 500105 500111 500117 500123 500129 500135 500141 500147 500153 500159 500165 500171 500177 500183 500189 500195 500201 500207 500213 500219 500225 500231 500237 500243 500249 500255 500261 500267 500273 500279 500285 500291 500297 500303 500309 500315 500321 500327 500333 500339 500345 500351 500357 500363 500369 500375 500381 500387 500393 500399 500405 500411 500417 500423 500429 500435 500441 500447 500453 500459 500465 500471 500477 500483 500489 500495
500075 500081 500087 500093 500099 500105 500111 500117 500123 500129 500135 500141 500147 500153 500159 500165 500171 500177 500183 500189 500195 500201 500207 500213 500219 500225 500231 500237 500243 500249 500255 500261 500267 500273 500279 500285 500291 500297 500303 500309 500315 500321 500327 500333 500339 500345 500351 500357 500363 500369 500375 500381 500387 500393 500399 500405 500411 500417 500423 500429 500435 500441 500447 500453 500459 500465 500471 500477 500483 500489 500495
500075 500081 500087 500093 500099 500105 500111 500117 500123 500129 500135 500141 500147 500153 500159 500165 500171 500177 500183 500189 500195 500201 500207 500213 500219 500225 500231 500237 500243 500249 500255 500261 500267 500273 500279 500285 500291 500297 500303 500309 500315 500321 500327 500333 500339 500345 500351 500357 500363 500369 500375 500381 500387 500393 500399 500405 500411 500417 500423 500429 500435 500441 500447 500453 500459 500465 500471 500477 500483 500489 500495
500075 500081 500087 500093 500099 500105 500111 500117 500123 500129 500135 500141 500147 500153 500159 500165 500171 500177 500183 500189 500195 500201 500207 500213 500219 500225 500231 500237 500243 500249 500255 500261 500267 500273 500279 500285 500291 500297 500303 500309 500315 500321 500327 500333 500339 500345 500351 500357 500363 500369 500375 500381 500387 500393 500399 500405 500411 500417 500423 500429 500435 500441 500447 500453 500459 500465 500471 500477 500483 500489 500495
500075 500081 500087 500093 500099 500105 500111 500117 500123 500129 500135 500141 500147 500153 500159 500165 500171 500177 500183 500189 500195 500201 500207 500213 500219 500225 500231 500237 500243 500249 500255 500261 500267 500273 500279 500285 500291 500297 500303 500309 500315 500321 500327 500333 500339 500345 500351 500357 500363 500369 500375 500381 500387 500393 500399 500405 500411 500417 500423 500429 500435 500441 500447 500453 500459 500465 500471 500477 500483 500489 500495
500075 500081 500087 500093 500099 500105 500111 500117 500123 500129 500135 500141 500147 500153 500159 500165 500171 500177 500183 500189 500195 500201 500207 500213 500219 500225 500231 500237 500243 500249 500255 500261 500267 500273 500279 500285 500291 500297 500303 500309 500315 500321 500327 500333 500339 500345 500351 500357 500363 500369 500375 500381 500387 500393 500399 500405 500411 500417 500423 500429 500435 500441 500447 500453 500459 500465 500471 500477 500483 500489 500495
500075 500081 500087 500093 500099 500105 500111 500117 500123 500129 500135 500141 500147 500153 500159 500165 500171 500177 500183 500189 500195 500201 500207 500213 500219 500225 500231 500237 500243 500249 500255 500261 500267 500273 500279 500285 500291 500297 500303 500309 500315 500321 500327 500333 500339 500345 500351 500357 500363 500369 500375 500381 500387 500393 500399 500405 500411 500417 500423 500429 500435 500441 500447 500453 500459 500465 500471 500477 500483 500489 500495
500075 500081 500087 500093 500099 500105 500111 500117 500123 500129 500135 500141 500147 500153 500159 500165 500171 500177 500183 500189 500195 500201 500207 500213 500219 500225 500231 500237 500243 500249 500255 500261 500267 500273 500279 500285 500291 500297 500303 500309 500315 500321 500327 500333 500339 500345 500351 500357 500363 500369 500375 500381 500387 500393 500399 500405 500411 500417 500423 500429 500435 500441 500447 500453 500459 500465 500471 500477 500483 500489 500495
500075 500081 500087 500093 500099 500105 500111 500117 500123 500129 500135 500141 500147 500153 500159 500165 500171 500177 500183 500189 500195 500201 500207 500213 500219 500225 500231 500237 500243 500249 500255 500261 500267 500273 500279 500285 500291 500297 500303 500309 500315 500321 500327 500333 500339 500345 500351 500357 500363 500369 500375 500381 500387 500393 500399 500405 500411 500417 500423 500429 500435 500441 500447 500453 500459 500465 500471 500477 500483 500489 500495
500075 500081 500087 500093 500099 500105 500111 500117 500123 500129 500135 500141 500147 500153 500159 500165 500171 500177 500183 500189 500195 500201 500207 500213 500219 500225 500231 500237 500243 500249 500255 500261 500267 500273 500279 500285 500291 500297 500303 500309 500315 500321 500327 500333 500339 500345 500351 500357 500363 500369 500375 500381 500387 500393 500399 500405 500411 500417 500423 500429 500435 500441 500447 500453 500459 500465 500471 500477 500483 500489 500495
500075 500081 500087 500093 500099 500105 500111 500117 500123 500129 500135 500141 500147 500153 500159 500165 500171 500177 500183 500189 500195 500201 500207 500213 500219 500225 500231 500237 500243 500249 500255 500261 500267 500273 500279 500285 500291 500297 500303 500309 500315 500321 500327 500333 500339 500345 500351 500357 500363 500369 500375 500381 500387 500393 500399 500405 500411 500417 500423 500429 500435 500441 500447 500453 500459 500465 500471 500477 500483 500489 500495
500075 500081 500087 500093 500099 500105 500111 500117 500123 500129 500135 500141 500147 500153 500159 500165 500171 500177 500183 500189 500195 500201 500207 500213 500219 500225 500231 500237 500243 500249 500255 500261 500267 500273 500279 500285 500291 500297 500303 500309 500315 500321 500327 500333 500339 500345 500351 500357 500363 500369 500375 500381 500387 500393 500399 500405 500411 500417 500423 500429 500435 500441 500447 500453 500459 500465 500471 500477 500483 500489 500495
500075 500081 500087 500093 500099 500105 500111 500117 500123 500129 500135 500141 500147 500153 500159 500165 500171 500177 500183 500189 500195 500201 500207 500213 500219 500225 500231 500237 500243 500249 500255 500261 500267 500273 500279 500285 500291 500297 500303 500309 500315 500321 500327 500333 500339 500345 500351 500357 500363 500369 500375 500381 500387 500393 500399 500405 500411 500417 500423 500429 500435 500441 500447 500453 500459 500465 500471 500477 500483 500489 500495
500075 500081 500087 500093 500099 500105 500111 500117 500123 500129 500135 500141 500147 500153 500159 500165 500171 500177 500183 500189 500195 500201 500207 500213 500219 500225 500231 500237 500243 500249 500255 500261 500267 500273 500279 500285 500291 500297 500303 500309 500315 500321 500327 500333 500339 500345 500351 500357 500363 500369 500375 500381 500387 500393 500399 500405 500411 500417 500423 500429 500435 500441 500447 500453 500459 500465 500471 500477 500483 500489 500495
500075 500081 500087 500093 500099 500105 500111 500117 500123 500129 500135 500141 500147 500153 500159 500165 500171 500177 500183 500189 500195 500201 500207 500213 500219 500225 500231 500237 500243 500249 500255 500261 500267 500273 500279 500285 500291 500297 500303 500309 500315 500321 500327 500333 500339 500345 500351 500357 500363 500369 500375 500381 500387 500393 500399 500405 500411 500417 500423 500429 500435 500441 500447 500453 500459 500465 500471 500477 500483 500489 500495
500075 500081 500087 500093 500099 500105 500111 500117 500123 500129 500135 500141 500147 500153 500159 500165 500171 500177 500183 500189 500195 500201 500207 500213 500219 500225 500231 500237 500243 500249 500255 500261 500267 500273 500279 500285 500291 500297 500303 500309 500315 500321 500327 500333 500339 500345 500351 500357 500363 500369 500375 500381 500387 500393 500399 500405 500411 500417 500423 500429 500435 500441 500447 500453 500459 500465 500471 500477 500483 500489 500495
500075 500081 500087 500093 500099 500105 500111 500117 500123 500129 500135 500141 500147 500153 500159 500165 500171 500177 500183 500189 500195 500201 500207 500213 500219 500225 500231 500237 500243 500249 500255 500261 500267 500273 500279 500285 500291 500297 500303 500309 500315 500321 500327 500333 500339 500345 500351 500357 500363 500369 500375 500381 500387 500393 500399 500405 500411 500417 500423 500429 500435 500441 500447 500453 500459 500465 500471 500477 500483 500489 500495
500075 500081 500087 500093 500099 500105 500111 500117 500123 500129 500135 500141 500147 500153 500159 500165 500171 500177 500183 500189 500195 500201 500207 500213 500219 500225 500231 500237 500243 500249 500255 500261 500267 500273 500279 500285 500291 500297 500303 500309 500315 500321 500327 500333 500339 500345 500351 500357 500363 500369 500375 500381 500387 500393 500399 500405 500411 500417 500423 500429 500435 500441 500447 500453 500459 500465 500471 500477 500483 500489 500495
500075 500081 500087 500093 500099 500105 500111 500117 500123 500129 500135 500141 500147 500153 500159 500165 500171 500177 500183 500189 500195 500201 500207 500213 500219 500225 500231 500237 500243 500249 500255 500261 500267 500273 500279 500285 500291 500297 500303 500309 500315 500321 500327 500333 500339 500345 500351 500357 500363 500369 500375 500381 500387 500393 500399 500405 500411 500417 500423 500429 500435 500441 500447 500453 500459 500465 500471 500477 500483 500489 500495
500075 500081 500087 500093 500099 500105 500111 500117 500123 500129 500135 500141 500147 500153 500159 500165 500171 500177 500183 500189 500195 500201 500207 500213 500219 500225 500231 500237 500243 500249 500255 500261 500267 500273 500279 500285 500291 500297 500303 500309 500315 500321 500327 500333 500339 500345 500351 500357 500363 500369 500375 500381 500387 500393 500399 500405 500411 500417 500423 500429 500435 500441 500447 500453 500459 500465 500471 500477 500483 500489 500495
