utme.asc
ncols         1040
nrows         514
xllcorner     497943.03125
yllcorner     5178296
cellsize      30
NODATA_value  -9999
[rows 480 to 511 of 514, columns 426 to 496 of 1040]
500501 500507 500513 500519 500525 500531 500537 500543 500549 500555 500561 500567 500573 500579 500585 500591 500597 500603 500609 500615 500621 500627 500633 500639 500645 500651 500657 500663 500669 500675 500681 500687 500693 500699 500705 500711 500717 500723 500729 500735 500741 500747 500753 500759 500765 500771 500777 500783 500789 500795 500801 500807 500813 500819 500825 500831 500837 500843 500849 500855 500861 500867 500873 500879 500885 500891 500897 500903 500909 500915 500921
500501 500507 500513 500519 500525 500531 500537 500543 500549 500555 500561 500567 500573 500579 500585 500591 500597 500603 500609 500615 500621 500627 500633 500639 500645 500651 500657 500663 500669 500675 500681 500687 500693 500699 500705 500711 500717 500723 500729 500735 500741 500747 500753 500759 500765 500771 500777 500783 500789 500795 500801 500807 500813 500819 500825 500831 500837 500843 500849 500855 500861 500867 500873 500879 500885 500891 500897 500903 500909 500915 500921
500501 500507 500513 500519 500525 500531 500537 500543 500549 500555 500561 500567 500573 500579 500585 500591 500597 500603 500609 500615 500621 500627 500633 500639 500645 500651 500657 500663 500669 500675 500681 500687 500693 500699 500705 500711 500717 500723 500729 500735 500741 500747 500753 500759 500765 500771 500777 500783 500789 500795 500801 500807 500813 500819 500825 500831 500837 500843 500849 500855 500861 500867 500873 500879 500885 500891 500897 500903 500909 500915 500921
500501 500507 500513 500519 500525 500531 500537 500543 500549 500555 500561 500567 500573 500579 500585 500591 500597 500603 500609 500615 500621 500627 500633 500639 500645 500651 500657 500663 500669 500675 500681 500687 500693 500699 500705 500711 500717 500723 500729 500735 500741 500747 500753 500759 500765 500771 500777 500783 500789 500795 500801 500807 500813 500819 500825 500831 500837 500843 500849 500855 500861 500867 500873 500879 500885 500891 500897 500903 500909 500915 500921
500501 500507 500513 500519 500525 500531 500537 500543 500549 500555 500561 500567 500573 500579 500585 500591 500597 500603 500609 500615 500621 500627 500633 500639 500645 500651 500657 500663 500669 500675 500681 500687 500693 500699 500705 500711 500717 500723 500729 500735 500741 500747 500753 500759 500765 500771 500777 500783 500789 500795 500801 500807 500813 500819 500825 500831 500837 500843 500849 500855 500861 500867 500873 500879 500885 500891 500897 500903 500909 500915 500921
500501 500507 500513 500519 500525 500531 500537 500543 500549 500555 500561 500567 500573 500579 500585 500591 500597 500603 500609 500615 500621 500627 500633 500639 500645 500651 500657 500663 500669 500675 500681 500687 500693 500699 500705 500711 500717 500723 500729 500735 500741 500747 500753 500759 500765 500771 500777 500783 500789 500795 500801 500807 500813 500819 500825 500831 500837 500843 500849 500855 500861 500867 500873 500879 500885 500891 500897 500903 500909 500915 500921
500501 500507 500513 500519 500525 500531 500537 500543 500549 500555 500561 500567 500573 500579 500585 500591 500597 500603 500609 500615 500621 500627 500633 500639 500645 500651 500657 500663 500669 500675 500681 500687 500693 500699 500705 500711 500717 500723 500729 500735 500741 500747 500753 500759 500765 500771 500777 500783 500789 500795 500801 500807 500813 500819 500825 500831 500837 500843 500849 500855 500861 500867 500873 500879 500885 500891 500897 500903 500909 500915 500921
500501 500507 500513 500519 500525 500531 500537 500543 500549 500555 500561 500567 500573 500579 500585 500591 500597 500603 500609 500615 500621 500627 500633 500639 500645 500651 500657 500663 500669 500675 500681 500687 500693 500699 500705 500711 500717 500723 500729 500735 500741 500747 500753 500759 500765 500771 500777 500783 500789 500795 500801 500807 500813 500819 500825 500831 500837 500843 500849 500855 500861 500867 500873 500879 500885 500891 500897 500903 500909 500915 500921
500501 500507 500513 500519 500525 500531 500537 500543 500549 500555 500561 500567 500573 500579 500585 500591 500597 500603 500609 500615 500621 500627 500633 500639 500645 500651 500657 500663 500669 500675 500681 500687 500693 500699 500705 500711 500717 500723 500729 500735 500741 500747 500753 500759 500765 500771 500777 500783 500789 500795 500801 500807 500813 500819 500825 500831 500837 500843 500849 500855 500861 500867 500873 500879 500885 500891 500897 500903 500909 500915 500921
500501 500507 500513 500519 500525 500531 500537 500543 500549 500555 500561 500567 500573 500579 500585 500591 500597 500603 500609 500615 500621 500627 500633 500639 500645 500651 500657 500663 500669 500675 500681 500687 500693 500699 500705 500711 500717 500723 500729 500735 500741 500747 500753 500759 500765 500771 500777 500783 500789 500795 500801 500807 500813 500819 500825 500831 500837 500843 500849 500855 500861 500867 500873 500879 500885 500891 500897 500903 500909 500915 500921
500501 500507 500513 500519 500525 500531 500537 500543 500549 500555 500561 500567 500573 500579 500585 500591 500597 500603 500609 500615 500621 500627 500633 500639 500645 500651 500657 500663 500669 500675 500681 500687 500693 500699 500705 500711 500717 500723 500729 500735 500741 500747 500753 500759 500765 500771 500777 500783 500789 500795 500801 500807 500813 500819 500825 500831 500837 500843 500849 500855 500861 500867 500873 500879 500885 500891 500897 500903 500909 500915 500921
500501 500507 500513 500519 500525 500531 500537 500543 500549 500555 500561 500567 500573 500579 500585 500591 500597 500603 500609 500615 500621 500627 500633 500639 500645 500651 500657 500663 500669 500675 500681 500687 500693 500699 500705 500711 500717 500723 500729 500735 500741 500747 500753 500759 500765 500771 500777 500783 500789 500795 500801 500807 500813 500819 500825 500831 500837 500843 500849 500855 500861 500867 500873 500879 500885 500891 500897 500903 500909 500915 500921
500501 500507 500513 500519 500525 500531 500537 500543 500549 500555 500561 500567 500573 500579 500585 500591 500597 500603 500609 500615 500621 500627 500633 500639 500645 500651 500657 500663 500669 500675 500681 500687 500693 500699 500705 500711 500717 500723 500729 500735 500741 500747 500753 500759 500765 500771 500777 500783 500789 500795 500801 500807 500813 500819 500825 500831 500837 500843 500849 500855 500861 500867 500873 500879 500885 500891 500897 500903 500909 500915 500921
500501 500507 500513 500519 500525 500531 500537 500543 500549 500555 500561 500567 500573 500579 500585 500591 500597 500603 500609 500615 500621 500627 500633 500639 500645 500651 500657 500663 500669 500675 500681 500687 500693 500699 500705 500711 500717 500723 500729 500735 500741 500747 500753 500759 500765 500771 500777 500783 500789 500795 500801 500807 500813 500819 500825 500831 500837 500843 500849 500855 500861 500867 500873 500879 500885 500891 500897 500903 500909 500915 500921
500501 500507 500513 500519 500525 500531 500537 500543 500549 500555 500561 500567 500573 500579 500585 500591 500597 500603 500609 500615 500621 500627 500633 500639 500645 500651 500657 500663 500669 500675 500681 500687 500693 500699 500705 500711 500717 500723 500729 500735 500741 500747 500753 500759 500765 500771 500777 500783 500789 500795 500801 500807 500813 500819 500825 500831 500837 500843 500849 500855 500861 500867 500873 500879 500885 500891 500897 500903 500909 500915 500921
500501 500507 500513 500519 500525 500531 500537 500543 500549 500555 500561 500567 500573 500579 500585 500591 500597 500603 500609 500615 500621 500627 500633 500639 500645 500651 500657 500663 500669 500675 500681 500687 500693 500699 500705 500711 500717 500723 500729 500735 500741 500747 500753 500759 500765 500771 500777 500783 500789 500795 500801 500807 500813 500819 500825 500831 500837 500843 500849 500855 500861 500867 500873 500879 500885 500891 500897 500903 500909 500915 500921
500501 500507 500513 500519 500525 500531 500537 500543 500549 500555 500561 500567 500573 500579 500585 500591 500597 500603 500609 500615 500621 500627 500633 500639 500645 500651 500657 500663 500669 500675 500681 500687 500693 500699 500705 500711 500717 500723 500729 500735 500741 500747 500753 500759 500765 500771 500777 500783 500789 500795 500801 500807 500813 500819 500825 500831 500837 500843 500849 500855 500861 500867 500873 500879 500885 500891 500897 500903 500909 500915 500921
500501 500507 500513 500519 500525 500531 500537 500543 500549 500555 500561 500567 500573 500579 500585 500591 500597 500603 500609 500615 500621 500627 500633 500639 500645 500651 500657 500663 500669 500675 500681 500687 500693 500699 500705 500711 500717 500723 500729 500735 500741 500747 500753 500759 500765 500771 500777 500783 500789 500795 500801 500807 500813 500819 500825 500831 500837 500843 500849 500855 500861 500867 500873 500879 500885 500891 500897 500903 500909 500915 500921
500501 500507 500513 500519 500525 500531 500537 500543 500549 500555 500561 500567 500573 500579 500585 500591 500597 500603 500609 500615 500621 500627 500633 500639 500645 500651 500657 500663 500669 500675 500681 500687 500693 500699 500705 500711 500717 500723 500729 500735 500741 500747 500753 500759 500765 500771 500777 500783 500789 500795 500801 500807 500813 500819 500825 500831 500837 500843 500849 500855 500861 500867 500873 500879 500885 500891 500897 500903 500909 500915 500921
500501 500507 500513 500519 500525 500531 500537 500543 500549 500555 500561 500567 500573 500579 500585 500591 500597 500603 500609 500615 500621 500627 500633 500639 500645 500651 500657 500663 500669 500675 500681 500687 500693 500699 500705 500711 500717 500723 500729 500735 500741 500747 500753 500759 500765 500771 500777 500783 500789 500795 500801 500807 500813 500819 500825 500831 500837 500843 500849 500855 500861 500867 500873 500879 500885 500891 500897 500903 500909 500915 500921
500501 500507 500513 500519 500525 500531 500537 500543 500549 500555 500561 500567 500573 500579 500585 500591 500597 500603 500609 500615 500621 500627 500633 500639 500645 500651 500657 500663 500669 500675 500681 500687 500693 500699 500705 500711 500717 500723 500729 500735 500741 500747 500753 500759 500765 500771 500777 500783 500789 500795 500801 500807 500813 500819 500825 500831 500837 500843 500849 500855 500861 500867 500873 500879 500885 500891 500897 500903 500909 500915 500921
500501 500507 500513 500519 500525 500531 500537 500543 500549 500555 500561 500567 500573 500579 500585 500591 500597 500603 500609 500615 500621 500627 500633 500639 500645 500651 500657 500663 500669 500675 500681 500687 500693 500699 500705 500711 500717 500723 500729 500735 500741 500747 500753 500759 500765 500771 500777 500783 500789 500795 500801 500807 500813 500819 500825 500831 500837 500843 500849 500855 500861 500867 500873 500879 500885 500891 500897 500903 500909 500915 500921
500501 500507 500513 500519 500525 500531 500537 500543 500549 500555 500561 500567 500573 500579 500585 500591 500597 500603 500609 500615 500621 500627 500633 500639 500645 500651 500657 500663 500669 500675 500681 500687 500693 500699 500705 500711 500717 500723 500729 500735 500741 500747 500753 500759 500765 500771 500777 500783 500789 500795 500801 500807 500813 500819 500825 500831 500837 500843 500849 500855 500861 500867 500873 500879 500885 500891 500897 500903 500909 500915 500921
500501 500507 500513 500519 500525 500531 500537 500543 500549 500555 500561 500567 500573 500579 500585 500591 500597 500603 500609 500615 500621 500627 500633 500639 500645 500651 500657 500663 500669 500675 500681 500687 500693 500699 500705 500711 500717 500723 500729 500735 500741 500747 500753 500759 500765 500771 500777 500783 500789 500795 500801 500807 500813 500819 500825 500831 500837 500843 500849 500855 500861 500867 500873 500879 500885 500891 500897 500903 500909 500915 500921
500501 500507 500513 500519 500525 500531 500537 500543 500549 500555 500561 500567 500573 500579 500585 500591 500597 500603 500609 500615 500621 500627 500633 500639 500645 500651 500657 500663 500669 500675 500681 500687 500693 500699 500705 500711 500717 500723 500729 500735 500741 500747 500753 500759 500765 500771 500777 500783 500789 500795 500801 500807 500813 500819 500825 500831 500837 500843 500849 500855 500861 500867 500873 500879 500885 500891 500897 500903 500909 500915 500921
500501 500507 500513 500519 500525 500531 500537 500543 500549 500555 500561 500567 500573 500579 500585 500591 500597 500603 500609 500615 500621 500627 500633 500639 500645 500651 500657 500663 500669 500675 500681 500687 500693 500699 500705 500711 500717 500723 500729 500735 500741 500747 500753 500759 500765 500771 500777 500783 500789 500795 500801 500807 500813 500819 500825 500831 500837 500843 500849 500855 500861 500867 500873 500879 500885 500891 500897 500903 500909 500915 500921
500501 500507 500513 500519 500525 500531 500537 500543 500549 500555 500561 500567 500573 500579 500585 500591 500597 500603 500609 500615 500621 500627 500633 500639 500645 500651 500657 500663 500669 500675 500681 500687 500693 500699 500705 500711 500717 500723 500729 500735 500741 500747 500753 500759 500765 500771 500777 500783 500789 500795 500801 500807 500813 500819 500825 500831 500837 500843 500849 500855 500861 500867 500873 500879 500885 500891 500897 500903 500909 500915 500921
500501 500507 500513 500519 500525 500531 500537 500543 500549 500555 500561 500567 500573 500579 500585 500591 500597 500603 500609 500615 500621 500627 500633 500639 500645 500651 500657 500663 500669 500675 500681 500687 500693 500699 500705 500711 500717 500723 500729 500735 500741 500747 500753 500759 500765 500771 500777 500783 500789 500795 500801 500807 500813 500819 500825 500831 500837 500843 500849 500855 500861 500867 500873 500879 500885 500891 500897 500903 500909 500915 500921
500501 500507 500513 500519 500525 500531 500537 500543 500549 500555 500561 500567 500573 500579 500585 500591 500597 500603 500609 500615 500621 500627 500633 500639 500645 500651 500657 500663 500669 500675 500681 500687 500693 500699 500705 500711 500717 500723 500729 500735 500741 500747 500753 500759 500765 500771 500777 500783 500789 500795 500801 500807 500813 500819 500825 500831 500837 500843 500849 500855 500861 500867 500873 500879 500885 500891 500897 500903 500909 500915 500921
500501 500507 500513 500519 500525 500531 500537 500543 500549 500555 500561 500567 500573 500579 500585 500591 500597 500603 500609 500615 500621 500627 500633 500639 500645 500651 500657 500663 500669 500675 500681 500687 500693 500699 500705 500711 500717 500723 500729 500735 500741 500747 500753 500759 500765 500771 500777 500783 500789 500795 500801 500807 500813 500819 500825 500831 500837 500843 500849 500855 500861 500867 500873 500879 500885 500891 500897 500903 500909 500915 500921
500501 500507 500513 500519 500525 500531 500537 500543 500549 500555 500561 500567 500573 500579 500585 500591 500597 500603 500609 500615 500621 500627 500633 500639 500645 500651 500657 500663 500669 500675 500681 500687 500693 500699 500705 500711 500717 500723 500729 500735 500741 500747 500753 500759 500765 500771 500777 500783 500789 500795 500801 500807 500813 500819 500825 500831 500837 500843 500849 500855 500861 500867 500873 500879 500885 500891 500897 500903 500909 500915 500921
500501 500507 500513 500519 500525 500531 500537 500543 500549 500555 500561 500567 500573 500579 500585 500591 500597 500603 500609 500615 500621 500627 500633 500639 500645 500651 500657 500663 500669 500675 500681 500687 500693 500699 500705 500711 500717 500723 500729 500735 500741 500747 500753 500759 500765 500771 500777 500783 500789 500795 500801 500807 500813 500819 500825 500831 500837 500843 500849 500855 500861 500867 500873 500879 500885 500891 500897 500903 500909 500915 500921
