utme.asc
ncols         1040
nrows         514
xllcorner     497943.03125
yllcorner     5178296
cellsize      30
NODATA_value  -9999
[rows 384 to 415 of 514, columns 213 to 283 of 1040]
499223 499229 499235 499241 499247 499253 499259 499265 499271 499277 499283 499289 499295 499301 499307 499313 499319 499325 499331 499337 499343 499349 499355 499361 499367 499373 499379 499385 499391 499397 499403 499409 499415 499421 499427 499433 499439 499445 499451 499457 499463 499469 499475 499481 499487 499493 499499 499505 499511 499517 499523 499529 499535 499541 499547 499553 499559 499565 499571 499577 499583 499589 499595 499601 499607 499613 499619 499625 499631 499637 499643
499223 499229 499235 499241 499247 499253 499259 499265 499271 499277 499283 499289 499295 499301 499307 499313 499319 499325 499331 499337 499343 499349 499355 499361 499367 499373 499379 499385 499391 499397 499403 499409 499415 499421 499427 499433 499439 499445 499451 499457 499463 499469 499475 499481 499487 499493 499499 499505 499511 499517 499523 499529 499535 499541 499547 499553 499559 499565 499571 499577 499583 499589 499595 499601 499607 499613 499619 499625 499631 499637 499643
499223 499229 499235 499241 499247 499253 499259 499265 499271 499277 499283 499289 499295 499301 499307 499313 499319 499325 499331 499337 499343 499349 499355 499361 499367 499373 499379 499385 499391 499397 499403 499409 499415 499421 499427 499433 499439 499445 499451 499457 499463 499469 499475 499481 499487 499493 499499 499505 499511 499517 499523 499529 499535 499541 499547 499553 499559 499565 499571 499577 499583 499589 499595 499601 499607 499613 499619 499625 499631 499637 499643
499223 499229 499235 499241 499247 499253 499259 499265 499271 499277 499283 499289 499295 499301 499307 499313 499319 499325 499331 499337 499343 499349 499355 499361 499367 499373 499379 499385 499391 499397 499403 499409 499415 499421 499427 499433 499439 499445 499451 499457 499463 499469 499475 499481 499487 499493 499499 499505 499511 499517 499523 499529 499535 499541 499547 499553 499559 499565 499571 499577 499583 499589 499595 499601 499607 499613 499619 499625 499631 499637 499643
499223 499229 499235 499241 499247 499253 499259 499265 499271 499277 499283 499289 499295 499301 499307 499313 499319 499325 499331 499337 499343 499349 499355 499361 499367 499373 499379 499385 499391 499397 499403 499409 499415 499421 499427 499433 499439 499445 499451 499457 499463 499469 499475 499481 499487 499493 499499 499505 499511 499517 499523 499529 499535 499541 499547 499553 499559 499565 499571 499577 499583 499589 499595 499601 499607 499613 499619 499625 499631 499637 499643
499223 499229 499235 499241 499247 499253 499259 499265 499271 499277 499283 499289 499295 499301 499307 499313 499319 499325 499331 499337 499343 499349 499355 499361 499367 499373 499379 499385 499391 499397 499403 499409 499415 499421 499427 499433 499439 499445 499451 499457 499463 499469 499475 499481 499487 499493 499499 499505 499511 499517 499523 499529 499535 499541 499547 499553 499559 499565 499571 499577 499583 499589 499595 499601 499607 499613 499619 499625 499631 499637 499643
499223 499229 499235 499241 499247 499253 499259 499265 499271 499277 499283 499289 499295 499301 499307 499313 499319 499325 499331 499337 499343 499349 499355 499361 499367 499373 499379 499385 499391 499397 499403 499409 499415 499421 499427 499433 499439 499445 499451 499457 499463 499469 499475 499481 499487 499493 499499 499505 499511 499517 499523 499529 499535 499541 499547 499553 499559 499565 499571 499577 499583 499589 499595 499601 499607 499613 499619 499625 499631 499637 499643
499223 499229 499235 499241 499247 499253 499259 499265 499271 499277 499283 499289 499295 499301 499307 499313 499319 499325 499331 499337 499343 499349 499355 499361 499367 499373 499379 499385 499391 499397 499403 499409 499415 499421 499427 499433 499439 499445 499451 499457 499463 499469 499475 499481 499487 499493 499499 499505 499511 499517 499523 499529 499535 499541 499547 499553 499559 499565 499571 499577 499583 499589 499595 499601 499607 499613 499619 499625 499631 499637 499643
499223 499229 499235 499241 499247 499253 499259 499265 499271 499277 499283 499289 499295 499301 499307 499313 499319 499325 499331 499337 499343 499349 499355 499361 499367 499373 499379 499385 499391 499397 499403 499409 499415 499421 499427 499433 499439 499445 499451 499457 499463 499469 499475 499481 499487 499493 499499 499505 499511 499517 499523 499529 499535 499541 499547 499553 499559 499565 499571 499577 499583 499589 499595 499601 499607 499613 499619 499625 499631 499637 499643
499223 499229 499235 499241 499247 499253 499259 499265 499271 499277 499283 499289 499295 499301 499307 499313 499319 499325 499331 499337 499343 499349 499355 499361 499367 499373 499379 499385 499391 499397 499403 499409 499415 499421 499427 499433 499439 499445 499451 499457 499463 499469 499475 499481 499487 499493 499499 499505 499511 499517 499523 499529 499535 499541 499547 499553 499559 499565 499571 499577 499583 499589 499595 499601 499607 499613 499619 499625 499631 499637 499643
499223 499229 499235 499241 499247 499253 499259 499265 499271 499277 499283 499289 499295 499301 499307 499313 499319 499325 499331 499337 499343 499349 499355 499361 499367 499373 499379 499385 499391 499397 499403 499409 499415 499421 499427 499433 499439 499445 499451 499457 499463 499469 499475 499481 499487 499493 499499 499505 499511 499517 499523 499529 499535 499541 499547 499553 499559 499565 499571 499577 499583 499589 499595 499601 499607 499613 499619 499625 499631 499637 499643
499223 499229 499235 499241 499247 499253 499259 499265 499271 499277 499283 499289 499295 499301 499307 499313 499319 499325 499331 499337 499343 499349 499355 499361 499367 499373 499379 499385 499391 499397 499403 499409 499415 499421 499427 499433 499439 499445 499451 499457 499463 499469 499475 499481 499487 499493 499499 499505 499511 499517 499523 499529 499535 499541 499547 499553 499559 499565 499571 499577 499583 499589 499595 499601 499607 499613 499619 499625 499631 499637 499643
499223 499229 499235 499241 499247 499253 499259 499265 499271 499277 499283 499289 499295 499301 499307 499313 499319 499325 499331 499337 499343 499349 499355 499361 499367 499373 499379 499385 499391 499397 499403 499409 499415 499421 499427 499433 499439 499445 499451 499457 499463 499469 499475 499481 499487 499493 499499 499505 499511 499517 499523 499529 499535 499541 499547 499553 499559 499565 499571 499577 499583 499589 499595 499601 499607 499613 499619 499625 499631 499637 499643
499223 499229 499235 499241 499247 499253 499259 499265 499271 499277 499283 499289 499295 499301 499307 499313 499319 499325 499331 499337 499343 499349 499355 499361 499367 499373 499379 499385 499391 499397 499403 499409 499415 499421 499427 499433 499439 499445 499451 499457 499463 499469 499475 499481 499487 499493 499499 499505 499511 499517 499523 499529 499535 499541 499547 499553 499559 499565 499571 499577 499583 499589 499595 499601 499607 499613 499619 499625 499631 499637 499643
499223 499229 499235 499241 499247 499253 499259 499265 499271 499277 499283 499289 499295 499301 499307 499313 499319 499325 499331 499337 499343 499349 499355 499361 499367 499373 499379 499385 499391 499397 499403 499409 499415 499421 499427 499433 499439 499445 499451 499457 499463 499469 499475 499481 499487 499493 499499 499505 499511 499517 499523 499529 499535 499541 499547 499553 499559 499565 499571 499577 499583 499589 499595 499601 499607 499613 499619 499625 499631 499637 499643
499223 499229 499235 499241 499247 499253 499259 499265 499271 499277 499283 499289 499295 499301 499307 499313 499319 499325 499331 499337 499343 499349 499355 499361 499367 499373 499379 499385 499391 499397 499403 499409 499415 499421 499427 499433 499439 499445 499451 499457 499463 499469 499475 499481 499487 499493 499499 499505 499511 499517 499523 499529 499535 499541 499547 499553 499559 499565 499571 499577 499583 499589 499595 499601 499607 499613 499619 499625 499631 499637 499643
499223 499229 499235 499241 499247 499253 499259 499265 499271 499277 499283 499289 499295 499301 499307 499313 499319 499325 499331 499337 499343 499349 499355 499361 499367 499373 499379 499385 499391 499397 499403 499409 499415 499421 499427 499433 499439 499445 499451 499457 499463 499469 499475 499481 499487 499493 499499 499505 499511 499517 499523 499529 499535 499541 499547 499553 499559 499565 499571 499577 499583 499589 499595 499601 499607 499613 499619 499625 499631 499637 499643
499223 499229 499235 499241 499247 499253 499259 499265 499271 499277 499283 499289 499295 499301 499307 499313 499319 499325 499331 499337 499343 499349 499355 499361 499367 499373 499379 499385 499391 499397 499403 499409 499415 499421 499427 499433 499439 499445 499451 499457 499463 499469 499475 499481 499487 499493 499499 499505 499511 499517 499523 499529 499535 499541 499547 499553 499559 499565 499571 499577 499583 499589 499595 499601 499607 499613 499619 499625 499631 499637 499643
499223 499229 499235 499241 499247 499253 499259 499265 499271 499277 499283 499289 499295 499301 499307 499313 499319 499325 499331 499337 499343 499349 499355 499361 499367 499373 499379 499385 499391 499397 499403 499409 499415 499421 499427 499433 499439 499445 499451 499457 499463 499469 499475 499481 499487 499493 499499 499505 499511 499517 499523 499529 499535 499541 499547 499553 499559 499565 499571 499577 499583 499589 499595 499601 499607 499613 499619 499625 499631 499637 499643
499223 499229 499235 499241 499247 499253 499259 499265 499271 499277 499283 499289 499295 499301 499307 499313 499319 499325 499331 499337 499343 499349 499355 499361 499367 499373 499379 499385 499391 499397 499403 499409 499415 499421 499427 499433 499439 499445 499451 499457 499463 499469 499475 499481 499487 499493 499499 499505 499511 499517 499523 499529 499535 499541 499547 499553 499559 499565 499571 499577 499583 499589 499595 499601 499607 499613 499619 499625 499631 499637 499643
499223 499229 499235 499241 499247 499253 499259 499265 499271 499277 499283 499289 499295 499301 499307 499313 499319 499325 499331 499337 499343 499349 499355 499361 499367 499373 499379 499385 499391 499397 499403 499409 499415 499421 499427 499433 499439 499445 499451 499457 499463 499469 499475 499481 499487 499493 499499 499505 499511 499517 499523 499529 499535 499541 499547 499553 499559 499565 499571 499577 499583 499589 499595 499601 499607 499613 499619 499625 499631 499637 499643
499223 499229 499235 499241 499247 499253 499259 499265 499271 499277 499283 499289 499295 499301 499307 499313 499319 499325 499331 499337 499343 499349 499355 499361 499367 499373 499379 499385 499391 499397 499403 499409 499415 499421 499427 499433 499439 499445 499451 499457 499463 499469 499475 499481 499487 499493 499499 499505 499511 499517 499523 499529 499535 499541 499547 499553 499559 499565 499571 499577 499583 499589 499595 499601 499607 499613 499619 499625 499631 499637 499643
499223 499229 499235 499241 499247 499253 499259 499265 499271 499277 499283 499289 499295 499301 499307 499313 499319 499325 499331 499337 499343 499349 499355 499361 499367 499373 499379 499385 499391 499397 499403 499409 499415 499421 499427 499433 499439 499445 499451 499457 499463 499469 499475 499481 499487 499493 499499 499505 499511 499517 499523 499529 499535 499541 499547 499553 499559 499565 499571 499577 499583 499589 499595 499601 499607 499613 499619 499625 499631 499637 499643
499223 499229 499235 499241 499247 499253 499259 499265 499271 499277 499283 499289 499295 499301 499307 499313 499319 499325 499331 499337 499343 499349 499355 499361 499367 499373 499379 499385 499391 499397 499403 499409 499415 499421 499427 499433 499439 499445 499451 499457 499463 499469 499475 499481 499487 499493 499499 499505 499511 499517 499523 499529 499535 499541 499547 499553 499559 499565 499571 499577 499583 499589 499595 499601 499607 499613 499619 499625 499631 499637 499643
499223 499229 499235 499241 499247 499253 499259 499265 499271 499277 499283 499289 499295 499301 499307 499313 499319 499325 499331 499337 499343 499349 499355 499361 499367 499373 499379 499385 499391 499397 499403 499409 499415 499421 499427 499433 499439 499445 499451 499457 499463 499469 499475 499481 499487 499493 499499 499505 499511 499517 499523 499529 499535 499541 499547 499553 499559 499565 499571 499577 499583 499589 499595 499601 499607 499613 499619 499625 499631 499637 499643
499223 499229 499235 499241 499247 499253 499259 499265 499271 499277 499283 499289 499295 499301 499307 499313 499319 499325 499331 499337 499343 499349 499355 499361 499367 499373 499379 499385 499391 499397 499403 499409 499415 499421 499427 499433 499439 499445 499451 499457 499463 499469 499475 499481 499487 499493 499499 499505 499511 499517 499523 499529 499535 499541 499547 499553 499559 499565 499571 499577 499583 499589 499595 499601 499607 499613 499619 499625 499631 499637 499643
499223 499229 499235 499241 499247 499253 499259 499265 499271 499277 499283 499289 499295 499301 499307 499313 499319 499325 499331 499337 499343 499349 499355 499361 499367 499373 499379 499385 499391 499397 499403 499409 499415 499421 499427 499433 499439 499445 499451 499457 499463 499469 499475 499481 499487 499493 499499 499505 499511 499517 499523 499529 499535 499541 499547 499553 499559 499565 499571 499577 499583 499589 499595 499601 499607 499613 499619 499625 499631 499637 499643
499223 499229 499235 499241 499247 499253 499259 499265 499271 499277 499283 499289 499295 499301 499307 499313 499319 499325 499331 499337 499343 499349 499355 499361 499367 499373 499379 499385 499391 499397 499403 499409 499415 499421 499427 499433 499439 499445 499451 499457 499463 499469 499475 499481 499487 499493 499499 499505 499511 499517 499523 499529 499535 499541 499547 499553 499559 499565 499571 499577 499583 499589 499595 499601 499607 499613 499619 499625 499631 499637 499643
499223 499229 499235 499241 499247 499253 499259 499265 499271 499277 499283 499289 499295 499301 499307 499313 499319 499325 499331 499337 499343 499349 499355 499361 499367 499373 499379 499385 499391 499397 499403 499409 499415 499421 499427 499433 499439 499445 499451 499457 499463 499469 499475 499481 499487 499493 499499 499505 499511 499517 499523 499529 499535 499541 499547 499553 499559 499565 499571 499577 499583 499589 499595 499601 499607 499613 499619 499625 499631 499637 499643
499223 499229 499235 499241 499247 499253 499259 499265 499271 499277 499283 499289 499295 499301 499307 499313 499319 499325 499331 499337 499343 499349 499355 499361 499367 499373 499379 499385 499391 499397 499403 499409 499415 499421 499427 499433 499439 499445 499451 499457 499463 499469 499475 499481 499487 499493 499499 499505 499511 499517 499523 499529 499535 499541 499547 499553 499559 499565 499571 499577 499583 499589 499595 499601 499607 499613 499619 499625 499631 499637 499643
499223 499229 499235 499241 499247 499253 499259 499265 499271 499277 499283 499289 499295 499301 499307 499313 499319 499325 499331 499337 499343 499349 499355 499361 499367 499373 499379 499385 499391 499397 499403 499409 499415 499421 499427 499433 499439 499445 499451 499457 499463 499469 499475 499481 499487 499493 499499 499505 499511 499517 499523 499529 499535 499541 499547 499553 499559 499565 499571 499577 499583 499589 499595 499601 499607 499613 499619 499625 499631 499637 499643
499223 499229 499235 499241 499247 499253 499259 499265 499271 499277 499283 499289 499295 499301 499307 499313 499319 499325 499331 499337 499343 499349 499355 499361 499367 499373 499379 499385 499391 499397 499403 499409 499415 499421 499427 499433 499439 499445 499451 499457 499463 499469 499475 499481 499487 499493 499499 499505 499511 499517 499523 499529 499535 499541 499547 499553 499559 499565 499571 499577 499583 499589 499595 499601 499607 499613 499619 499625 499631 499637 499643
